Distance_Physicalspace_um,Distance_Wavelengthspace_nm,ISRF_Mp2S
-50,-0.785911355806539,2.50697497598708e-05
-49.95,-0.785125444450733,2.52014848633881e-05
-49.9,-0.784339533094926,2.53340165695869e-05
-49.85,-0.78355362173912,2.54673559935752e-05
-49.8,-0.782767710383313,2.56015144781963e-05
-49.75,-0.781981799027507,2.57365035989011e-05
-49.7,-0.7811958876717,2.5872335168718e-05
-49.65,-0.780409976315893,2.60090212433222e-05
-49.6,-0.779624064960087,2.61465741262067e-05
-49.55,-0.77883815360428,2.62850063739555e-05
-49.5,-0.778052242248474,2.64243308016222e-05
-49.45,-0.777266330892667,2.65645604882144e-05
-49.4,-0.776480419536861,2.67057087822866e-05
-49.35,-0.775694508181054,2.68477893076433e-05
-49.3,-0.774908596825248,2.69908159691531e-05
-49.25,-0.774122685469441,2.71348029586775e-05
-49.2,-0.773336774113635,2.72797647611144e-05
-49.15,-0.772550862757828,2.74257161605591e-05
-49.1,-0.771764951402022,2.75726722465853e-05
-49.05,-0.770979040046215,2.77206484206457e-05
-49,-0.770193128690408,2.78696604025978e-05
-48.95,-0.769407217334602,2.8019724237353e-05
-48.9,-0.768621305978795,2.81708563016536e-05
-48.85,-0.767835394622989,2.83230733109791e-05
-48.8,-0.767049483267182,2.84763923265829e-05
-48.75,-0.766263571911376,2.86308307626626e-05
-48.7,-0.765477660555569,2.87864063936653e-05
-48.65,-0.764691749199763,2.89431373617305e-05
-48.6,-0.763905837843956,2.9101042184272e-05
-48.55,-0.76311992648815,2.9260139761701e-05
-48.5,-0.762334015132343,2.9420449385294e-05
-48.45,-0.761548103776536,2.95819907452053e-05
-48.4,-0.76076219242073,2.97447839386279e-05
-48.35,-0.759976281064923,2.99088494781049e-05
-48.3,-0.759190369709117,3.00742082999924e-05
-48.25,-0.75840445835331,3.02408817730783e-05
-48.2,-0.757618546997504,3.04088917073567e-05
-48.15,-0.756832635641697,3.05782603629621e-05
-48.1,-0.756046724285891,3.07490104592652e-05
-48.05,-0.755260812930084,3.09211651841318e-05
-48,-0.754474901574278,3.1094748203348e-05
-47.95,-0.753688990218471,3.12697836702146e-05
-47.9,-0.752903078862664,3.14462962353106e-05
-47.85,-0.752117167506858,3.16243110564315e-05
-47.8,-0.751331256151051,3.18038538087019e-05
-47.75,-0.750545344795245,3.19849506948666e-05
-47.7,-0.749759433439438,3.21676284557621e-05
-47.65,-0.748973522083632,3.23519143809704e-05
-47.6,-0.748187610727825,3.25378363196587e-05
-47.55,-0.747401699372019,3.27254226916056e-05
-47.5,-0.746615788016212,3.2914702498419e-05
-47.45,-0.745829876660406,3.31057053349457e-05
-47.4,-0.745043965304599,3.32984614008757e-05
-47.35,-0.744258053948793,3.34930015125457e-05
-47.3,-0.743472142592986,3.36893571149411e-05
-47.25,-0.74268623123718,3.38875602939016e-05
-47.2,-0.741900319881373,3.40876437885324e-05
-47.15,-0.741114408525566,3.42896410038222e-05
-47.1,-0.74032849716976,3.44935860234722e-05
-47.05,-0.739542585813953,3.46995136229384e-05
-47,-0.738756674458147,3.49074592826887e-05
-46.95,-0.73797076310234,3.51174592016785e-05
-46.9,-0.737184851746534,3.53295503110474e-05
-46.85,-0.736398940390727,3.55437702880384e-05
-46.8,-0.735613029034921,3.57601575701441e-05
-46.75,-0.734827117679114,3.59787513694803e-05
-46.7,-0.734041206323308,3.61995916873919e-05
-46.65,-0.733255294967501,3.64227193292922e-05
-46.6,-0.732469383611695,3.66481759197377e-05
-46.55,-0.731683472255888,3.68760039177442e-05
-46.5,-0.730897560900081,3.71062466323421e-05
-46.45,-0.730111649544275,3.73389482383777e-05
-46.4,-0.729325738188468,3.75741537925607e-05
-46.35,-0.728539826832662,3.78119092497618e-05
-46.3,-0.727753915476855,3.80522614795618e-05
-46.25,-0.726968004121049,3.8295258283056e-05
-46.2,-0.726182092765242,3.85409484099165e-05
-46.15,-0.725396181409436,3.87893815757132e-05
-46.1,-0.724610270053629,3.90406084794987e-05
-46.05,-0.723824358697823,3.92946808216582e-05
-46,-0.723038447342016,3.95516513220264e-05
-45.95,-0.72225253598621,3.98115737382763e-05
-45.9,-0.721466624630403,4.00745028845794e-05
-45.85,-0.720680713274596,4.03404946505428e-05
-45.8,-0.71989480191879,4.06096060204231e-05
-45.75,-0.719108890562983,4.08818950926225e-05
-45.7,-0.718322979207177,4.11574210994663e-05
-45.65,-0.71753706785137,4.1436244427267e-05
-45.6,-0.716751156495564,4.17184266366769e-05
-45.55,-0.715965245139757,4.20040304833298e-05
-45.5,-0.715179333783951,4.22931199387774e-05
-45.45,-0.714393422428144,4.25857602117199e-05
-45.4,-0.713607511072338,4.28820177695349e-05
-45.35,-0.712821599716531,4.31819603601064e-05
-45.3,-0.712035688360725,4.34856570339566e-05
-45.25,-0.711249777004918,4.37931781666819e-05
-45.2,-0.710463865649111,4.41045954816968e-05
-45.15,-0.709677954293305,4.44199820732867e-05
-45.1,-0.708892042937498,4.47394124299723e-05
-45.05,-0.708106131581692,4.50629624581884e-05
-45,-0.707320220225885,4.53907095062775e-05
-44.95,-0.706534308870079,4.57227323888034e-05
-44.9,-0.705748397514272,4.60591114111826e-05
-44.85,-0.704962486158466,4.639992839464e-05
-44.8,-0.704176574802659,4.67452667014878e-05
-44.75,-0.703390663446853,4.70952112607308e-05
-44.7,-0.702604752091046,4.74498485939996e-05
-44.65,-0.701818840735239,4.78092668418143e-05
-44.6,-0.701032929379433,4.81735557901798e-05
-44.55,-0.700247018023626,4.8542806897514e-05
-44.5,-0.69946110666782,4.89171133219126e-05
-44.45,-0.698675195312013,4.92965699487499e-05
-44.4,-0.697889283956207,4.96812734186182e-05
-44.35,-0.6971033726004,5.0071322155608e-05
-44.3,-0.696317461244594,5.04668163959292e-05
-44.25,-0.695531549888787,5.08678582168757e-05
-44.2,-0.694745638532981,5.12745515661341e-05
-44.15,-0.693959727177174,5.16870022914388e-05
-44.1,-0.693173815821368,5.21053181705733e-05
-44.05,-0.692387904465561,5.25296089417205e-05
-44,-0.691601993109754,5.29599863341613e-05
-43.95,-0.690816081753948,5.33965640993244e-05
-43.9,-0.690030170398141,5.38394580421868e-05
-43.85,-0.689244259042335,5.42887860530267e-05
-43.8,-0.688458347686528,5.47446681395293e-05
-43.75,-0.687672436330722,5.52072264592457e-05
-43.7,-0.686886524974915,5.56765853524072e-05
-43.65,-0.686100613619109,5.61528713750933e-05
-43.6,-0.685314702263302,5.66362133327557e-05
-43.55,-0.684528790907496,5.71267423140973e-05
-43.5,-0.683742879551689,5.76245917253078e-05
-43.45,-0.682956968195883,5.81298973246553e-05
-43.4,-0.682171056840076,5.86427972574335e-05
-43.35,-0.68138514548427,5.91634320912656e-05
-43.3,-0.680599234128463,5.96919448517645e-05
-43.25,-0.679813322772656,6.02284810585479e-05
-43.2,-0.67902741141685,6.07731887616099e-05
-43.15,-0.678241500061043,6.13262185780473e-05
-43.1,-0.677455588705237,6.18877237291404e-05
-43.05,-0.67666967734943,6.24578600777877e-05
-43,-0.675883765993624,6.30367861662941e-05
-42.95,-0.675097854637817,6.36246632545102e-05
-42.9,-0.674311943282011,6.42216553583243e-05
-42.85,-0.673526031926204,6.4827929288504e-05
-42.8,-0.672740120570398,6.54436546898855e-05
-42.75,-0.671954209214591,6.60690040809122e-05
-42.7,-0.671168297858785,6.67041528935181e-05
-42.65,-0.670382386502978,6.7349279513355e-05
-42.6,-0.669596475147171,6.80045653203643e-05
-42.55,-0.668810563791365,6.86701947296864e-05
-42.5,-0.668024652435558,6.93463552329118e-05
-42.45,-0.667238741079752,7.00332374396656e-05
-42.4,-0.666452829723945,7.07310351195285e-05
-42.35,-0.665666918368139,7.14399452442873e-05
-42.3,-0.664881007012332,7.2160168030516e-05
-42.25,-0.664095095656526,7.28919069824813e-05
-42.2,-0.663309184300719,7.36353689353724e-05
-42.15,-0.662523272944913,7.43907640988507e-05
-42.1,-0.661737361589106,7.51583061009156e-05
-42.05,-0.660951450233299,7.59382120320847e-05
-42,-0.660165538877493,7.67307024898825e-05
-41.95,-0.659379627521686,7.75360016236361e-05
-41.9,-0.65859371616588,7.83543371795729e-05
-41.85,-0.657807804810073,7.91859405462156e-05
-41.8,-0.657021893454267,8.00310468000719e-05
-41.75,-0.65623598209846,8.08898947516127e-05
-41.7,-0.655450070742654,8.17627269915355e-05
-41.65,-0.654664159386847,8.26497899373074e-05
-41.6,-0.653878248031041,8.35513338799834e-05
-41.55,-0.653092336675234,8.44676130312939e-05
-41.5,-0.652306425319428,8.53988855709968e-05
-41.45,-0.651520513963621,8.63454136944889e-05
-41.4,-0.650734602607814,8.73074636606702e-05
-41.35,-0.649948691252008,8.82853058400546e-05
-41.3,-0.649162779896201,8.92792147631231e-05
-41.25,-0.648376868540395,9.02894691689107e-05
-41.2,-0.647590957184588,9.1316352053822e-05
-41.15,-0.646805045828782,9.23601507206683e-05
-41.1,-0.646019134472975,9.34211568279193e-05
-41.05,-0.645233223117169,9.44996664391619e-05
-41,-0.644447311761362,9.55959800727602e-05
-40.95,-0.643661400405556,9.67104027517067e-05
-40.9,-0.642875489049749,9.78432440536595e-05
-40.85,-0.642089577693943,9.89948181611557e-05
-40.8,-0.641303666338136,0.000100165443911994
-40.75,-0.640517754982329,0.000101355444849777
-40.7,-0.639731843626523,0.000102565149274604
-40.65,-0.638945932270716,0.000103794890293914
-40.6,-0.63816002091491,0.000105045005873446
-40.55,-0.637374109559103,0.000106315838888346
-40.5,-0.636588198203297,0.000107607737174369
-40.45,-0.63580228684749,0.000108921053579196
-40.4,-0.635016375491684,0.000110256146013849
-40.35,-0.634230464135877,0.000111613377504181
-40.3,-0.633444552780071,0.00011299311624245
-40.25,-0.632658641424264,0.000114395735638953
-40.2,-0.631872730068458,0.000115821614373711
-40.15,-0.631086818712651,0.000117271136448201
-40.1,-0.630300907356844,0.000118744691237116
-40.05,-0.629514996001038,0.000120242673540141
-40,-0.628729084645231,0.000121765483633742
-39.95,-0.627943173289425,0.000123313527322947
-39.9,-0.627157261933618,0.000124887215993108
-39.85,-0.626371350577812,0.000126486966661637
-39.8,-0.625585439222005,0.000128113202029696
-39.75,-0.624799527866199,0.000129766350533836
-39.7,-0.624013616510392,0.00013144684639756
-39.65,-0.623227705154586,0.000133155129682812
-39.6,-0.622441793798779,0.000134891646341364
-39.55,-0.621655882442972,0.000136656848266091
-39.5,-0.620869971087166,0.000138451193342135
-39.45,-0.620084059731359,0.000140275145497909
-39.4,-0.619298148375553,0.000142129174755967
-39.35,-0.618512237019746,0.000144013757283695
-39.3,-0.61772632566394,0.00014592937544382
-39.25,-0.616940414308133,0.000147876517844723
-39.2,-0.616154502952327,0.000149855679390534
-39.15,-0.61536859159652,0.000151867361330996
-39.1,-0.614582680240714,0.000153912071311085
-39.05,-0.613796768884907,0.000155990323420367
-39,-0.613010857529101,0.00015810263824207
-38.95,-0.612224946173294,0.000160249542901866
-38.9,-0.611439034817488,0.000162431571116334
-38.85,-0.610653123461681,0.000164649263241095
-38.8,-0.609867212105874,0.000166903166318595
-38.75,-0.609081300750068,0.000169193834125529
-38.7,-0.608295389394261,0.000171521827219869
-38.65,-0.607509478038455,0.0001738877129875
-38.6,-0.606723566682648,0.000176292065688428
-38.55,-0.605937655326842,0.000178735466502552
-38.5,-0.605151743971035,0.000181218503574973
-38.45,-0.604365832615229,0.000183741772060832
-38.4,-0.603579921259422,0.000186305874169642
-38.35,-0.602794009903616,0.000188911419209109
-38.3,-0.602008098547809,0.000191559023628417
-38.25,-0.601222187192002,0.000194249311060951
-38.2,-0.600436275836196,0.000196982912366446
-38.15,-0.599650364480389,0.000199760465672545
-38.1,-0.598864453124583,0.000202582616415723
-38.05,-0.598078541768776,0.000205450017381594
-38,-0.59729263041297,0.000208363328744538
-37.95,-0.596506719057163,0.000211323218106661
-37.9,-0.595720807701357,0.000214330360536048
-37.85,-0.59493489634555,0.000217385438604287
-37.8,-0.594148984989744,0.000220489142423261
-37.75,-0.593363073633937,0.000223642169681159
-37.7,-0.592577162278131,0.000226845225677702
-37.65,-0.591791250922324,0.000230099023358565
-37.6,-0.591005339566517,0.000233404283348951
-37.55,-0.590219428210711,0.000236761733986319
-37.5,-0.589433516854904,0.000240172111352229
-37.45,-0.588647605499098,0.000243636159303285
-37.4,-0.587861694143291,0.000247154629501153
-37.35,-0.587075782787485,0.000250728281441628
-37.3,-0.586289871431678,0.000254357882482735
-37.25,-0.585503960075872,0.00025804420787183
-37.2,-0.584718048720065,0.000261788040771685
-37.15,-0.583932137364259,0.000265590172285525
-37.1,-0.583146226008452,0.000269451401481012
-37.05,-0.582360314652645,0.000273372535413123
-37,-0.581574403296839,0.000277354389145926
-36.95,-0.580788491941033,0.000281397785773211
-36.9,-0.580002580585226,0.000285503556437967
-36.85,-0.579216669229419,0.000289672540350662
-36.8,-0.578430757873613,0.000293905584806319
-36.75,-0.577644846517806,0.000298203545200361
-36.7,-0.576858935162,0.000302567285043186
-36.65,-0.576073023806193,0.000306997675973465
-36.6,-0.575287112450387,0.000311495597770133
-36.55,-0.57450120109458,0.000316061938363044
-36.5,-0.573715289738774,0.000320697593842265
-36.45,-0.572929378382967,0.000325403468465999
-36.4,-0.572143467027161,0.000330180474667087
-36.35,-0.571357555671354,0.000335029533058094
-36.3,-0.570571644315547,0.000339951572434923
-36.25,-0.569785732959741,0.000344947529778963
-36.2,-0.568999821603934,0.000350018350257719
-36.15,-0.568213910248128,0.000355164987223925
-36.1,-0.567427998892321,0.000360388402213091
-36.05,-0.566642087536515,0.000365689564939481
-36,-0.565856176180708,0.000371069453290478
-35.95,-0.565070264824902,0.00037652905331933
-35.9,-0.564284353469095,0.000382069359236241
-35.85,-0.563498442113289,0.000387691373397784
-35.8,-0.562712530757482,0.000393396106294614
-35.75,-0.561926619401676,0.000399184576537461
-35.7,-0.561140708045869,0.000405057810841369
-35.65,-0.560354796690062,0.000411016844008167
-35.6,-0.559568885334256,0.00041706271890714
-35.55,-0.558782973978449,0.00042319648645389
-35.5,-0.557997062622643,0.000429419205587337
-35.45,-0.557211151266836,0.000435731943244874
-35.4,-0.55642523991103,0.000442135774335618
-35.35,-0.555639328555223,0.000448631781711758
-35.3,-0.554853417199417,0.00045522105613796
-35.25,-0.55406750584361,0.000461904696258825
-35.2,-0.553281594487804,0.000468683808564357
-35.15,-0.552495683131997,0.000475559507353438
-35.1,-0.551709771776191,0.000482532914695273
-35.05,-0.550923860420384,0.000489605160388792
-35,-0.550137949064577,0.000496777381919989
-34.95,-0.549352037708771,0.000504050724417169
-34.9,-0.548566126352964,0.000511426340604086
-34.85,-0.547780214997158,0.000518905390750956
-34.8,-0.546994303641351,0.000526489042623316
-34.75,-0.546208392285545,0.000534178471428721
-34.7,-0.545422480929738,0.000541974859761241
-34.65,-0.544636569573932,0.000549879397543761
-34.6,-0.543850658218125,0.000557893281968045
-34.55,-0.543064746862319,0.000566017717432563
-34.5,-0.542278835506512,0.000574253915478042
-34.45,-0.541492924150706,0.000582603094720751
-34.4,-0.540707012794899,0.000591066480783469
-34.35,-0.539921101439092,0.000599645306224149
-34.3,-0.539135190083286,0.000608340810462246
-34.25,-0.538349278727479,0.000617154239702692
-34.2,-0.537563367371673,0.000626086846857508
-34.15,-0.536777456015866,0.000635139891465039
-34.1,-0.53599154466006,0.000644314639606781
-34.05,-0.535205633304253,0.000653612363821817
-34,-0.534419721948447,0.000663034343018808
-33.95,-0.53363381059264,0.000672581862385564
-33.9,-0.532847899236834,0.00068225621329615
-33.85,-0.532061987881027,0.000692058693215542
-33.8,-0.53127607652522,0.000701990605601796
-33.75,-0.530490165169414,0.000712053259805735
-33.7,-0.529704253813607,0.000722247970968142
-33.65,-0.528918342457801,0.000732576059914441
-33.6,-0.528132431101994,0.000743038853046856
-33.55,-0.527346519746188,0.000753637682234056
-33.5,-0.526560608390381,0.00076437388469825
-33.45,-0.525774697034575,0.000775248802899746
-33.4,-0.524988785678768,0.000786263784418957
-33.35,-0.524202874322962,0.000797420181835855
-33.3,-0.523416962967155,0.000808719352606846
-33.25,-0.522631051611349,0.000820162658939094
-33.2,-0.521845140255542,0.000831751467662258
-33.15,-0.521059228899735,0.000843487150097654
-33.1,-0.520273317543929,0.000855371081924834
-33.05,-0.519487406188122,0.000867404643045583
-33,-0.518701494832316,0.000879589217445327
-32.95,-0.517915583476509,0.000891926193051952
-32.9,-0.517129672120703,0.000904416961592032
-32.85,-0.516343760764896,0.00091706291844447
-32.8,-0.51555784940909,0.000929865462491552
-32.75,-0.514771938053283,0.000942825995967412
-32.7,-0.513986026697477,0.000955945924303908
-32.65,-0.51320011534167,0.000969226655973925
-32.6,-0.512414203985863,0.00098266960233209
-32.55,-0.511628292630057,0.000996276177452917
-32.5,-0.510842381274251,0.00101004779796639
-32.45,-0.510056469918444,0.00102398552502792
-32.4,-0.509270558562637,0.00103809077754812
-32.35,-0.508484647206831,0.00105236497647868
-32.3,-0.507698735851024,0.00106680954463778
-32.25,-0.506912824495218,0.00108142590653301
-32.2,-0.506126913139411,0.0010962154881817
-32.15,-0.505341001783605,0.0011111797169288
-32.1,-0.504555090427798,0.00112632002126228
-32.05,-0.503769179071992,0.00114163783062595
-32,-0.502983267716185,0.00115713457522991
-31.95,-0.502197356360379,0.0011728116858585
-31.9,-0.501411445004572,0.00118867059367582
-31.85,-0.500625533648765,0.00120471273002881
-31.8,-0.499839622292959,0.00122093952624791
-31.75,-0.499053710937152,0.00123735241344541
-31.7,-0.498267799581346,0.0012539528223113
-31.65,-0.497481888225539,0.00127074218290692
-31.6,-0.496695976869733,0.00128772192445612
-31.55,-0.495910065513926,0.00130489347513425
-31.5,-0.49512415415812,0.00132225826185478
-31.45,-0.494338242802313,0.00133981771005368
-31.4,-0.493552331446507,0.00135757324347157
-31.35,-0.4927664200907,0.00137552628393364
-31.3,-0.491980508734894,0.00139367825112742
-31.25,-0.491194597379087,0.0014120305623783
-31.2,-0.49040868602328,0.00143058463242306
-31.15,-0.489622774667474,0.00144934187318113
-31.1,-0.488836863311667,0.00146830369352395
-31.05,-0.488050951955861,0.0014874714990421
-31,-0.487265040600054,0.00150684669181059
-30.95,-0.486479129244248,0.00152643067015209
-30.9,-0.485693217888441,0.00154622482839818
-30.85,-0.484907306532635,0.00156623055664876
-30.8,-0.484121395176828,0.00158644924052956
-30.75,-0.483335483821022,0.00160688226094778
-30.7,-0.482549572465215,0.00162753099384598
-30.65,-0.481763661109408,0.00164839680995418
-30.6,-0.480977749753602,0.0016694810745402
-30.55,-0.480191838397795,0.00169078514715839
-30.5,-0.479405927041989,0.00171231038139666
-30.45,-0.478620015686182,0.00173405812462189
-30.4,-0.477834104330376,0.00175602971772389
-30.35,-0.477048192974569,0.00177822649485768
-30.3,-0.476262281618763,0.00180064978318444
-30.25,-0.475476370262956,0.00182330090261097
-30.2,-0.47469045890715,0.00184618116552775
-30.15,-0.473904547551343,0.00186929187654574
-30.1,-0.473118636195537,0.00189263433223181
-30.05,-0.47233272483973,0.00191620982084299
-30,-0.471546813483924,0.00194001962205952
-29.95,-0.470760902128117,0.00196406500671676
-29.9,-0.46997499077231,0.00198834723653601
-29.85,-0.469189079416504,0.00201286756385431
-29.8,-0.468403168060697,0.00203762723135325
-29.75,-0.467617256704891,0.00206262747178687
-29.7,-0.466831345349084,0.00208786950770865
-29.65,-0.466045433993278,0.00211335455119775
-29.6,-0.465259522637471,0.00213908380358446
-29.55,-0.464473611281665,0.00216505845517486
-29.5,-0.463687699925858,0.00219127968497504
-29.45,-0.462901788570052,0.0022177486604145
-29.4,-0.462115877214245,0.00224446653706922
-29.35,-0.461329965858438,0.00227143445838412
-29.3,-0.460544054502632,0.00229865355539521
-29.25,-0.459758143146825,0.00232612494645134
-29.2,-0.458972231791019,0.00235384973693569
-29.15,-0.458186320435212,0.00238182901898705
-29.1,-0.457400409079406,0.00241006387122091
-29.05,-0.456614497723599,0.0024385553584505
-29,-0.455828586367793,0.00246730488927084
-28.95,-0.455042675011986,0.00249631350238042
-28.9,-0.45425676365618,0.00252558222184443
-28.85,-0.453470852300373,0.00255511205681595
-28.8,-0.452684940944567,0.00258490400125752
-28.75,-0.45189902958876,0.00261495903366286
-28.7,-0.451113118232953,0.00264527811677911
-28.65,-0.450327206877147,0.00267586219732944
-28.6,-0.44954129552134,0.00270671220573614
-28.55,-0.448755384165534,0.00273782905584436
-28.5,-0.447969472809727,0.00276921364464646
-28.45,-0.447183561453921,0.00280086685200712
-28.4,-0.446397650098114,0.00283278954038917
-28.35,-0.445611738742308,0.00286498255458038
-28.3,-0.444825827386501,0.0028974467214211
-28.25,-0.444039916030695,0.00293018284953298
-28.2,-0.443254004674888,0.00296319172904871
-28.15,-0.442468093319082,0.00299647413134295
-28.1,-0.441682181963275,0.00303003080876448
-28.05,-0.440896270607468,0.00306386249436965
-28,-0.440110359251662,0.0030979699016572
-27.95,-0.439324447895855,0.00313235372430453
-27.9,-0.438538536540049,0.0031670146359055
-27.85,-0.437752625184242,0.0032019532897098
-27.8,-0.436966713828436,0.00323717031836402
-27.75,-0.436180802472629,0.00327266633365449
-27.7,-0.435394891116823,0.00330844192625182
-27.65,-0.434608979761016,0.0033444976654575
-27.6,-0.43382306840521,0.00338083409895236
-27.55,-0.433037157049403,0.0034174517525471
-27.5,-0.432251245693597,0.00345435112993494
-27.45,-0.43146533433779,0.00349153271244649
-27.4,-0.430679422981983,0.00352899695880683
-27.35,-0.429893511626177,0.00356674430489503
-27.3,-0.42910760027037,0.00360477516350597
-27.25,-0.428321688914564,0.00364308992411475
-27.2,-0.427535777558757,0.00368168895264364
-27.15,-0.426749866202951,0.00372057259123163
-27.1,-0.425963954847144,0.00375974115800676
-27.05,-0.425178043491338,0.00379919494686124
-27,-0.424392132135531,0.00383893422722936
-26.95,-0.423606220779725,0.00387895924386841
-26.9,-0.422820309423918,0.00391927021664259
-26.85,-0.422034398068111,0.00395986734031004
-26.8,-0.421248486712305,0.00400075078431291
-26.75,-0.420462575356498,0.00404192069257082
-26.7,-0.419676664000692,0.00408337718327752
-26.65,-0.418890752644885,0.00412512034870094
-26.6,-0.418104841289079,0.0041671502549867
-26.55,-0.417318929933272,0.00420946694196511
-26.5,-0.416533018577466,0.00425207042296178
-26.45,-0.415747107221659,0.00429496068461191
-26.4,-0.414961195865853,0.0043381376866782
-26.35,-0.414175284510046,0.00438160136187269
-26.3,-0.41338937315424,0.00442535161568233
-26.25,-0.412603461798433,0.00446938832619858
-26.2,-0.411817550442627,0.00451371134395093
-26.15,-0.41103163908682,0.00455832049174454
-26.1,-0.410245727731013,0.00460321556450196
-26.05,-0.409459816375207,0.00464839632910904
-26,-0.4086739050194,0.00469386252426512
-25.95,-0.407887993663594,0.00473961386033751
-25.9,-0.407102082307787,0.00478565001922038
-25.85,-0.406316170951981,0.00483197065419804
-25.8,-0.405530259596174,0.00487857538981278
-25.75,-0.404744348240368,0.00492546382173719
-25.7,-0.403958436884561,0.00497263551665118
-25.65,-0.403172525528755,0.00502009001212363
-25.6,-0.402386614172948,0.00506782681649875
-25.55,-0.401600702817141,0.00511584540878731
-25.5,-0.400814791461335,0.00516414523856263
-25.45,-0.400028880105528,0.00521272572586147
-25.4,-0.399242968749722,0.00526158626108994
-25.35,-0.398457057393915,0.00531072620493435
-25.3,-0.397671146038109,0.00536014488827708
-25.25,-0.396885234682302,0.00540984161211768
-25.2,-0.396099323326496,0.00545981564749893
-25.15,-0.395313411970689,0.00551006623543829
-25.1,-0.394527500614883,0.00556059258686444
-25.05,-0.393741589259076,0.00561139388255918
-25,-0.39295567790327,0.00566246927310462
-24.95,-0.392169766547463,0.00571381787883582
-24.9,-0.391383855191656,0.00576543878979871
-24.85,-0.39059794383585,0.0058173310657136
-24.8,-0.389812032480043,0.00586949373594406
-24.75,-0.389026121124237,0.0059219257994714
-24.7,-0.38824020976843,0.00597462622487472
-24.65,-0.387454298412624,0.00602759395031648
-24.6,-0.386668387056817,0.00608082788353376
-24.55,-0.385882475701011,0.0061343269018352
-24.5,-0.385096564345204,0.00618808985210353
-24.45,-0.384310652989398,0.00624211555080393
-24.4,-0.383524741633591,0.00629640278399807
-24.35,-0.382738830277785,0.00635095030736395
-24.3,-0.381952918921978,0.00640575684622149
-24.25,-0.381167007566172,0.00646082109556399
-24.2,-0.380381096210365,0.0065161417200954
-24.15,-0.379595184854558,0.00657171735427347
-24.1,-0.378809273498752,0.00662754660235869
-24.05,-0.378023362142945,0.00668362803846927
-24,-0.377237450787139,0.00673996020664191
-23.95,-0.376451539431332,0.00679654162089847
-23.9,-0.375665628075526,0.0068533707653187
-23.85,-0.374879716719719,0.00691044609411879
-23.8,-0.374093805363913,0.00696776603173589
-23.75,-0.373307894008106,0.00702532897291862
-23.7,-0.3725219826523,0.00708313328282356
-23.65,-0.371736071296493,0.00714117729711759
-23.6,-0.370950159940686,0.00719945932208629
-23.55,-0.37016424858488,0.00725797763474832
-23.5,-0.369378337229073,0.00731673048297571
-23.45,-0.368592425873267,0.00737571608562005
-23.4,-0.36780651451746,0.00743493263264483
-23.35,-0.367020603161654,0.00749437828526349
-23.3,-0.366234691805847,0.00755405117608358
-23.25,-0.365448780450041,0.00761394940925677
-23.2,-0.364662869094234,0.0076740710606348
-23.15,-0.363876957738428,0.00773441417793133
-23.1,-0.363091046382621,0.00779497678088963
-23.05,-0.362305135026815,0.00785575686145626
-23,-0.361519223671008,0.00791675238396044
-22.95,-0.360733312315202,0.0079779612852994
-22.9,-0.359947400959395,0.0080393814751294
-22.85,-0.359161489603588,0.00810101083606268
-22.8,-0.358375578247782,0.00816284722387003
-22.75,-0.357589666891975,0.0082248884676892
-22.7,-0.356803755536169,0.00828713237023892
-22.65,-0.356017844180362,0.00834957670803865
-22.6,-0.355231932824556,0.00841221923163396
-22.55,-0.354446021468749,0.00847505766582752
-22.5,-0.353660110112943,0.0085380897099156
-22.45,-0.352874198757136,0.00860131303793019
-22.4,-0.35208828740133,0.00866472529888652
-22.35,-0.351302376045523,0.00872832411703611
-22.3,-0.350516464689716,0.00879210709212518
-22.25,-0.34973055333391,0.00885607179965841
-22.2,-0.348944641978103,0.00892021579116811
-22.15,-0.348158730622297,0.0089845365944885
-22.1,-0.34737281926649,0.00904903171403536
-22.05,-0.346586907910684,0.00911369863109078
-22,-0.345800996554877,0.00917853480409303
-21.95,-0.345015085199071,0.00924353766893151
-21.9,-0.344229173843264,0.00930870463924667
-21.85,-0.343443262487458,0.00937403310673495
-21.8,-0.342657351131651,0.00943952044145854
-21.75,-0.341871439775845,0.00950516399216001
-21.7,-0.341085528420038,0.00957096108658168
-21.65,-0.340299617064231,0.00963690903178977
-21.6,-0.339513705708425,0.00970300511450308
-21.55,-0.338727794352618,0.00976924660142635
-21.5,-0.337941882996812,0.00983563073958803
-21.45,-0.337155971641005,0.00990215475668262
-21.4,-0.336370060285199,0.00996881586141721
-21.35,-0.335584148929392,0.0100356112438625
-21.3,-0.334798237573586,0.0101025380758078
-21.25,-0.334012326217779,0.0101695935111206
-21.2,-0.333226414861973,0.0102367746861096
-21.15,-0.332440503506166,0.0103040787198924
-21.1,-0.33165459215036,0.0103715027147665
-21.05,-0.330868680794553,0.0104390437565848
-21,-0.330082769438746,0.0105066989151339
-20.95,-0.32929685808294,0.0105744652445174
-20.9,-0.328510946727133,0.0106423397835413
-20.85,-0.327725035371327,0.0107103195561043
-20.8,-0.32693912401552,0.0107784015715903
-20.75,-0.326153212659714,0.0108465828252654
-20.7,-0.325367301303907,0.0109148602986772
-20.65,-0.324581389948101,0.0109832309600575
-20.6,-0.323795478592294,0.0110516917647286
-20.55,-0.323009567236488,0.0111202396555118
-20.5,-0.322223655880681,0.0111888715631393
-20.45,-0.321437744524875,0.0112575844066688
-20.4,-0.320651833169068,0.0113263750939007
-20.35,-0.319865921813261,0.0113952405217979
-20.3,-0.319080010457455,0.0114641775769082
-20.25,-0.318294099101648,0.0115331831357891
-20.2,-0.317508187745842,0.0116022540654348
-20.15,-0.316722276390035,0.0116713872237055
-20.1,-0.315936365034229,0.0117405794597593
-20.05,-0.315150453678422,0.0118098276144847
-20,-0.314364542322616,0.011879128520937
-19.95,-0.313578630966809,0.0119484790047748
-19.9,-0.312792719611003,0.0120178758846992
-19.85,-0.312006808255196,0.0120873159728943
-19.8,-0.311220896899389,0.0121567960754691
-19.75,-0.310434985543583,0.0122263129929015
-19.7,-0.309649074187776,0.0122958635204821
-19.65,-0.30886316283197,0.0123654444487613
-19.6,-0.308077251476163,0.0124350525639955
-19.55,-0.307291340120357,0.0125046846485957
-19.5,-0.30650542876455,0.0125743374815763
-19.45,-0.305719517408744,0.0126440078390049
-19.4,-0.304933606052937,0.0127136924944527
-19.35,-0.304147694697131,0.0127833882194456
-19.3,-0.303361783341324,0.0128530917839157
-19.25,-0.302575871985518,0.0129227999566533
-19.2,-0.301789960629711,0.0129925095057586
-19.15,-0.301004049273905,0.0130622171990947
-19.1,-0.300218137918098,0.0131319198047393
-19.05,-0.299432226562291,0.0132016140914372
-19,-0.298646315206485,0.0132712968290528
-18.95,-0.297860403850678,0.0133409647890211
-18.9,-0.297074492494872,0.0134106147448003
-18.85,-0.296288581139065,0.0134802434723218
-18.8,-0.295502669783259,0.0135498477504413
-18.75,-0.294716758427452,0.013619424361388
-18.7,-0.293930847071646,0.013688970091214
-18.65,-0.293144935715839,0.0137584817302423
-18.6,-0.292359024360033,0.0138279560735133
-18.55,-0.291573113004226,0.0138973899212313
-18.5,-0.290787201648419,0.0139667800792091
-18.45,-0.290001290292613,0.014036123359311
-18.4,-0.289215378936806,0.0141054165798955
-18.35,-0.288429467581,0.0141746565662548
-18.3,-0.287643556225193,0.0142438401510544
-18.25,-0.286857644869387,0.0143129641747699
-18.2,-0.28607173351358,0.0143820254861223
-18.15,-0.285285822157774,0.0144510209425113
-18.1,-0.284499910801967,0.0145199474104465
-18.05,-0.283713999446161,0.014588801765977
-18,-0.282928088090354,0.0146575808951177
-17.95,-0.282142176734548,0.0147262816942747
-17.9,-0.281356265378741,0.0147949010706668
-17.85,-0.280570354022935,0.0148634359427457
-17.8,-0.279784442667128,0.0149318832406128
-17.75,-0.278998531311321,0.0150002399064337
-17.7,-0.278212619955515,0.0150685028948497
-17.65,-0.277426708599708,0.0151366691733866
-17.6,-0.276640797243902,0.0152047357228602
-17.55,-0.275854885888095,0.0152726995377793
-17.5,-0.275068974532289,0.0153405576267445
-17.45,-0.274283063176482,0.0154083070128452
-17.4,-0.273497151820676,0.0154759447340517
-17.35,-0.272711240464869,0.015543467843605
-17.3,-0.271925329109063,0.015610873410403
-17.25,-0.271139417753256,0.015678158519382
-17.2,-0.270353506397449,0.0157453202718963
-17.15,-0.269567595041643,0.015812355786092
-17.1,-0.268781683685836,0.0158792621972791
-17.05,-0.26799577233003,0.0159460366582977
-17,-0.267209860974223,0.0160126763398816
-16.95,-0.266423949618417,0.0160791784310169
-16.9,-0.26563803826261,0.0161455401392974
-16.85,-0.264852126906804,0.0162117586912746
-16.8,-0.264066215550997,0.0162778313328043
-16.75,-0.263280304195191,0.0163437553293884
-16.7,-0.262494392839384,0.0164095279665126
-16.65,-0.261708481483578,0.016475146549979
-16.6,-0.260922570127771,0.0165406084062347
-16.55,-0.260136658771964,0.0166059108826955
-16.5,-0.259350747416158,0.0166710513480647
-16.45,-0.258564836060351,0.0167360271926476
-16.4,-0.257778924704545,0.0168008358286604
-16.35,-0.256993013348738,0.0168654746905352
-16.3,-0.256207101992932,0.0169299412352193
-16.25,-0.255421190637125,0.0169942329424693
-16.2,-0.254635279281319,0.0170583473151411
-16.15,-0.253849367925512,0.0171222818794737
-16.1,-0.253063456569706,0.0171860341853687
-16.05,-0.252277545213899,0.0172496018066636
-16,-0.251491633858093,0.0173129823414009
-15.95,-0.250705722502286,0.0173761734120911
-15.9,-0.249919811146479,0.0174391726659705
-15.85,-0.249133899790673,0.0175019777752537
-15.8,-0.248347988434866,0.0175645864373807
-15.75,-0.24756207707906,0.017626996375258
-15.7,-0.246776165723253,0.017689205337495
-15.65,-0.245990254367447,0.0177512110986339
-15.6,-0.24520434301164,0.0178130114593745
-15.55,-0.244418431655834,0.0178746042467937
-15.5,-0.243632520300027,0.017935987314558
-15.45,-0.242846608944221,0.0179971585431321
-15.4,-0.242060697588414,0.01805811583998
-15.35,-0.241274786232608,0.0181188571397616
-15.3,-0.240488874876801,0.0181793804045229
-15.25,-0.239702963520994,0.0182396836238802
-15.2,-0.238917052165188,0.0182997648151993
-15.15,-0.238131140809381,0.0183596220237678
-15.1,-0.237345229453575,0.0184192533229621
-15.05,-0.236559318097768,0.0184786568144083
-15,-0.235773406741962,0.0185378306281374
-14.95,-0.234987495386155,0.0185967729227345
-14.9,-0.234201584030349,0.0186554818854814
-14.85,-0.233415672674542,0.0187139557324944
-14.8,-0.232629761318736,0.0187721927088552
-14.75,-0.231843849962929,0.0188301910887362
-14.7,-0.231057938607122,0.0188879491755197
-14.65,-0.230272027251316,0.0189454653019113
-14.6,-0.229486115895509,0.019002737830047
-14.55,-0.228700204539703,0.0190597651515946
-14.5,-0.227914293183896,0.019116545687849
-14.45,-0.22712838182809,0.0191730778898214
-14.4,-0.226342470472283,0.0192293602383227
-14.35,-0.225556559116477,0.019285391244041
-14.3,-0.22477064776067,0.0193411694476124
-14.25,-0.223984736404864,0.0193966934196872
-14.2,-0.223198825049057,0.0194519617609887
-14.15,-0.222412913693251,0.0195069731023672
-14.1,-0.221627002337444,0.0195617261048472
-14.05,-0.220841090981637,0.0196162194596693
-14,-0.220055179625831,0.0196704518883261
-13.95,-0.219269268270024,0.019724422142592
-13.9,-0.218483356914218,0.0197781290045471
-13.85,-0.217697445558411,0.0198315712865958
-13.8,-0.216911534202605,0.019884747831479
-13.75,-0.216125622846798,0.0199376575122807
-13.7,-0.215339711490992,0.0199902992324293
-13.65,-0.214553800135185,0.020042671925692
-13.6,-0.213767888779379,0.0200947745561652
-13.55,-0.212981977423572,0.0201466061182576
-13.5,-0.212196066067766,0.0201981656366687
-13.45,-0.211410154711959,0.020249452166361
-13.4,-0.210624243356152,0.0203004647925275
-13.35,-0.209838332000346,0.0203512026305528
-13.3,-0.209052420644539,0.0204016648259691
-13.25,-0.208266509288733,0.0204518505544067
-13.2,-0.207480597932926,0.0205017590215391
-13.15,-0.20669468657712,0.0205513894630227
-13.1,-0.205908775221313,0.0206007411444312
-13.05,-0.205122863865507,0.0206498133611846
-13,-0.2043369525097,0.020698605438473
-12.95,-0.203551041153894,0.0207471167311754
-12.9,-0.202765129798087,0.0207953466237728
-12.85,-0.201979218442281,0.0208432945302571
-12.8,-0.201193307086474,0.0208909598940339
-12.75,-0.200407395730667,0.0209383421878211
-12.7,-0.199621484374861,0.0209854409135422
-12.65,-0.198835573019054,0.0210322556022145
-12.6,-0.198049661663248,0.0210787858138333
-12.55,-0.197263750307441,0.0211250311372499
-12.5,-0.196477838951635,0.0211709911900464
-12.45,-0.195691927595828,0.0212166656184047
-12.4,-0.194906016240022,0.021262054096971
-12.35,-0.194120104884215,0.0213071563287169
-12.3,-0.193334193528409,0.0213519720447941
-12.25,-0.192548282172602,0.0213965010043861
-12.2,-0.191762370816796,0.0214407429945553
-12.15,-0.190976459460989,0.021484697830085
-12.1,-0.190190548105183,0.0215283653533179
-12.05,-0.189404636749376,0.0215717454339904
-12,-0.188618725393569,0.0216148379690622
-11.95,-0.187832814037763,0.0216576428825423
-11.9,-0.187046902681956,0.021700160125311
-11.85,-0.18626099132615,0.0217423896749377
-11.8,-0.185475079970343,0.0217843315354946
-11.75,-0.184689168614537,0.0218259857373678
-11.7,-0.18390325725873,0.0218673523370629
-11.65,-0.183117345902924,0.0219084314170084
-11.6,-0.182331434547117,0.0219492230853549
-11.55,-0.181545523191311,0.0219897274757704
-11.5,-0.180759611835504,0.0220299447472329
-11.45,-0.179973700479697,0.0220698750838194
-11.4,-0.179187789123891,0.0221095186944908
-11.35,-0.178401877768084,0.0221488758128747
-11.3,-0.177615966412278,0.0221879466970444
-11.25,-0.176830055056471,0.0222267316292948
-11.2,-0.176044143700665,0.0222652309159152
-11.15,-0.175258232344858,0.0223034448869596
-11.1,-0.174472320989052,0.0223413738960135
-11.05,-0.173686409633245,0.0223790183199583
-11,-0.172900498277439,0.0224163785587327
-10.95,-0.172114586921632,0.0224534550350917
-10.9,-0.171328675565826,0.0224902481943626
-10.85,-0.170542764210019,0.0225267585041988
-10.8,-0.169756852854212,0.0225629864543311
-10.75,-0.168970941498406,0.0225989325563164
-10.7,-0.168185030142599,0.0226345973432845
-10.65,-0.167399118786793,0.022669981369682
-10.6,-0.166613207430986,0.0227050852110148
-10.55,-0.16582729607518,0.022739909463588
-10.5,-0.165041384719373,0.0227744547442437
-10.45,-0.164255473363567,0.0228087216900974
-10.4,-0.16346956200776,0.0228427109582721
-10.35,-0.162683650651954,0.0228764232256306
-10.3,-0.161897739296147,0.0229098591885062
-10.25,-0.161111827940341,0.0229430195624317
-10.2,-0.160325916584534,0.022975905081867
-10.15,-0.159540005228727,0.0230085164999245
-10.1,-0.158754093872921,0.0230408545880941
-10.05,-0.157968182517114,0.0230729201359662
-10,-0.157182271161308,0.0231047139509532
-9.95,-0.156396359805501,0.0231362368580103
-9.9,-0.155610448449695,0.0231674896993547
-9.84999999999999,-0.154824537093888,0.0231984733341843
-9.8,-0.154038625738082,0.0232291886383944
-9.75,-0.153252714382275,0.0232596365042948
-9.7,-0.152466803026469,0.0232898178403244
-9.65,-0.151680891670662,0.0233197335707666
-9.59999999999999,-0.150894980314855,0.0233493846354627
-9.55,-0.150109068959049,0.0233787719895254
-9.5,-0.149323157603242,0.0234078966030513
-9.45,-0.148537246247436,0.0234367594608329
-9.4,-0.147751334891629,0.0234653615620703
-9.34999999999999,-0.146965423535823,0.0234937039200823
-9.3,-0.146179512180016,0.0235217875620175
-9.25,-0.14539360082421,0.0235496135285641
-9.2,-0.144607689468403,0.0235771828736611
-9.15,-0.143821778112597,0.0236044966642079
-9.09999999999999,-0.14303586675679,0.0236315559797747
-9.05,-0.142249955400984,0.023658361912312
-9,-0.141464044045177,0.0236849155658612
-8.95,-0.14067813268937,0.0237112180562647
-8.9,-0.139892221333564,0.0237372705108756
-8.84999999999999,-0.139106309977757,0.023763074068269
-8.8,-0.138320398621951,0.0237886298779521
-8.75,-0.137534487266144,0.0238139391000755
-8.7,-0.136748575910338,0.0238390029051449
-8.65,-0.135962664554531,0.0238638224737325
-8.59999999999999,-0.135176753198725,0.0238883989961898
-8.55,-0.134390841842918,0.0239127336723603
-8.5,-0.133604930487112,0.0239368277112929
-8.45,-0.132819019131305,0.0239606823309563
-8.4,-0.132033107775499,0.0239842987579539
-8.34999999999999,-0.131247196419692,0.024007678227239
-8.3,-0.130461285063885,0.0240308219818318
-8.25,-0.129675373708079,0.0240537312725361
-8.2,-0.128889462352272,0.0240764073576578
-8.15,-0.128103550996466,0.0240988515027241
-8.09999999999999,-0.127317639640659,0.0241210649802033
-8.05,-0.126531728284853,0.0241430490692263
-8,-0.125745816929046,0.0241648050553086
-7.95,-0.12495990557324,0.0241863342300736
-7.9,-0.124173994217433,0.0242076378909776
-7.84999999999999,-0.123388082861627,0.0242287173410353
-7.8,-0.12260217150582,0.0242495738885466
-7.75,-0.121816260150014,0.0242702088468253
-7.7,-0.121030348794207,0.0242906235339288
-7.65,-0.1202444374384,0.0243108192723888
-7.59999999999999,-0.119458526082594,0.0243307973889442
-7.55,-0.118672614726787,0.0243505592142747
-7.5,-0.117886703370981,0.0243701060827365
-7.45,-0.117100792015174,0.0243894393320992
-7.4,-0.116314880659368,0.0244085603032841
-7.34999999999999,-0.115528969303561,0.0244274703401046
-7.3,-0.114743057947755,0.0244461707890077
-7.25,-0.113957146591948,0.0244646629988178
-7.2,-0.113171235236142,0.0244829483204815
-7.15,-0.112385323880335,0.0245010281068144
-7.09999999999999,-0.111599412524528,0.0245189037122498
-7.05,-0.110813501168722,0.0245365764925891
-7,-0.110027589812915,0.024554047804754
-6.95,-0.109241678457109,0.0245713190065403
-6.9,-0.108455767101302,0.0245883914563739
-6.84999999999999,-0.107669855745496,0.0246052665130686
-6.8,-0.106883944389689,0.0246219455355857
-6.75,-0.106098033033883,0.0246384298827955
-6.7,-0.105312121678076,0.0246547209132411
-6.65,-0.10452621032227,0.0246708199849036
-6.59999999999999,-0.103740298966463,0.02468672845497
-6.55,-0.102954387610657,0.0247024476796022
-6.5,-0.10216847625485,0.024717979013709
-6.45,-0.101382564899043,0.0247333238107198
-6.4,-0.100596653543237,0.0247484834223597
-6.34999999999999,-0.0998107421874304,0.0247634591984278
-6.3,-0.0990248308316239,0.0247782524865769
-6.25,-0.0982389194758174,0.0247928646320953
-6.2,-0.0974530081200108,0.0248072969776913
-6.15,-0.0966670967642043,0.0248215508632789
-6.09999999999999,-0.0958811854083977,0.0248356276257667
-6.05,-0.0950952740525912,0.0248495285988482
-6,-0.0943093626967847,0.0248632551127945
-5.95,-0.0935234513409781,0.0248768084942492
-5.9,-0.0927375399851716,0.0248901900660257
-5.84999999999999,-0.091951628629365,0.0249034011469062
-5.8,-0.0911657172735585,0.0249164430514434
-5.75,-0.090379805917752,0.0249293170897642
-5.7,-0.0895938945619454,0.0249420245673754
-5.65,-0.0888079832061389,0.0249545667849721
-5.59999999999999,-0.0880220718503323,0.024966945038248
-5.55,-0.0872361604945258,0.024979160617708
-5.5,-0.0864502491387193,0.0249912148084829
-5.45,-0.0856643377829127,0.0250031088901467
-5.4,-0.0848784264271062,0.0250148441365356
-5.34999999999999,-0.0840925150712996,0.0250264218155699
-5.3,-0.0833066037154931,0.0250378431890773
-5.25,-0.0825206923596866,0.0250491095126196
-5.2,-0.08173478100388,0.0250602220353201
-5.15,-0.0809488696480735,0.0250711819996946
-5.09999999999999,-0.0801629582922669,0.0250819906414843
-5.05,-0.0793770469364604,0.02509264918949
-5,-0.0785911355806539,0.0251031588654098
-4.95,-0.0778052242248473,0.0251135208836785
-4.9,-0.0770193128690408,0.0251237364513089
-4.84999999999999,-0.0762334015132342,0.0251338067677356
-4.8,-0.0754474901574277,0.0251437330246613
-4.75,-0.0746615788016212,0.0251535164059045
-4.7,-0.0738756674458146,0.0251631580872505
-4.65,-0.0730897560900081,0.0251726592363033
-4.59999999999999,-0.0723038447342015,0.0251820210123409
-4.55,-0.071517933378395,0.0251912445661718
-4.5,-0.0707320220225885,0.0252003310399942
-4.45,-0.0699461106667819,0.0252092815672571
-4.4,-0.0691601993109754,0.0252180972725239
-4.34999999999999,-0.0683742879551688,0.0252267792713376
-4.3,-0.0675883765993623,0.0252353286700883
-4.25,-0.0668024652435558,0.0252437465658832
-4.2,-0.0660165538877492,0.0252520340464182
-4.15,-0.0652306425319427,0.0252601921898516
-4.09999999999999,-0.0644447311761361,0.0252682220646804
-4.05,-0.0636588198203296,0.0252761247296179
-4,-0.0628729084645231,0.0252839012334738
-3.95,-0.0620869971087165,0.0252915526150366
-3.9,-0.06130108575291,0.0252990799029574
-3.84999999999999,-0.0605151743971034,0.0253064841156357
-3.8,-0.0597292630412969,0.025313766261108
-3.75,-0.0589433516854904,0.0253209273369376
-3.7,-0.0581574403296838,0.0253279683301066
-3.65,-0.0573715289738773,0.02533489021691
-3.59999999999999,-0.0565856176180707,0.0253416939628512
-3.55,-0.0557997062622642,0.0253483805225402
-3.5,-0.0550137949064577,0.0253549508395934
-3.45,-0.0542278835506511,0.0253614058465347
-3.4,-0.0534419721948446,0.0253677464646992
-3.34999999999999,-0.052656060839038,0.0253739736041389
-3.3,-0.0518701494832315,0.0253800881635292
-3.25,-0.051084238127425,0.0253860910300783
-3.2,-0.0502983267716184,0.0253919830794381
-3.15,-0.0495124154158119,0.0253977651756163
-3.09999999999999,-0.0487265040600053,0.0254034381708912
-3.05,-0.0479405927041988,0.0254090029057276
-3,-0.0471546813483924,0.0254144602086949
-2.95,-0.0463687699925857,0.0254198108963862
-2.9,-0.0455828586367793,0.0254250557733403
-2.84999999999999,-0.0447969472809726,0.025430195631964
-2.8,-0.0440110359251661,0.0254352312524571
-2.75,-0.0432251245693597,0.0254401634027391
-2.7,-0.042439213213553,0.0254449928383761
-2.65,-0.0416533018577466,0.0254497203025117
-2.59999999999999,-0.04086739050194,0.0254543465257973
-2.55,-0.0400814791461335,0.0254588722263252
-2.5,-0.039295567790327,0.0254632981095632
-2.45,-0.0385096564345204,0.0254676248682901
-2.4,-0.0377237450787139,0.0254718531825336
-2.34999999999999,-0.0369378337229073,0.0254759837195092
-2.3,-0.0361519223671008,0.0254800171335605
-2.25,-0.0353660110112943,0.0254839540661019
-2.2,-0.0345800996554877,0.0254877951455614
-2.15,-0.0337941882996812,0.0254915409873259
-2.09999999999999,-0.0330082769438746,0.0254951921936878
-2.05,-0.0322223655880681,0.0254987493537928
-2,-0.0314364542322616,0.025502213043589
-1.95,-0.030650542876455,0.0255055838257781
-1.9,-0.0298646315206485,0.025508862249767
-1.84999999999999,-0.0290787201648419,0.0255120488516217
-1.8,-0.0282928088090354,0.0255151441540218
-1.75,-0.0275068974532289,0.0255181486662173
-1.7,-0.0267209860974223,0.0255210628839856
-1.65,-0.0259350747416158,0.0255238872895908
-1.59999999999999,-0.0251491633858092,0.0255266223517434
-1.55,-0.0243632520300027,0.0255292685255625
-1.5,-0.0235773406741962,0.0255318262525381
-1.45,-0.0227914293183896,0.0255342959604952
-1.4,-0.0220055179625831,0.0255366780635595
-1.34999999999999,-0.0212196066067765,0.0255389729621235
-1.3,-0.02043369525097,0.0255411810428149
-1.25,-0.0196477838951635,0.025543302678465
-1.2,-0.0188618725393569,0.0255453382280796
-1.15,-0.0180759611835504,0.0255472880368101
-1.09999999999999,-0.0172900498277438,0.0255491524359265
-1.05,-0.0165041384719373,0.0255509317427909
-1,-0.0157182271161308,0.025552626260833
-0.949999999999996,-0.0149323157603242,0.025554236279526
-0.899999999999999,-0.0141464044045177,0.0255557620743642
-0.849999999999994,-0.0133604930487111,0.0255572039068414
-0.799999999999997,-0.0125745816929046,0.0255585620244309
-0.75,-0.0117886703370981,0.025559836660566
-0.699999999999996,-0.0110027589812915,0.0255610280346221
-0.649999999999999,-0.010216847625485,0.0255621363518999
-0.599999999999994,-0.00943093626967838,0.0255631618036096
-0.549999999999997,-0.00864502491387189,0.0255641045668561
-0.5,-0.00785911355806539,0.0255649648046257
-0.449999999999996,-0.00707320220225879,0.0255657426657734
-0.399999999999999,-0.00628729084645229,0.0255664382850116
-0.349999999999994,-0.00550137949064569,0.0255670517828999
-0.299999999999997,-0.00471546813483919,0.0255675832658362
-0.25,-0.0039295567790327,0.0255680328260479
-0.199999999999996,-0.00314364542322609,0.0255684005415858
-0.149999999999999,-0.0023577340674196,0.0255686864763174
-0.0999999999999943,-0.00157182271161299,0.0255688906799226
-0.0499999999999972,-0.000785911355806495,0.0255690131878896
0,0,0.0255690540215126
0.0499999999999972,0.000785911355806495,0.0255690131878896
0.0999999999999943,0.00157182271161299,0.0255688906799226
0.149999999999999,0.0023577340674196,0.0255686864763174
0.199999999999996,0.00314364542322609,0.0255684005415858
0.25,0.0039295567790327,0.0255680328260479
0.299999999999997,0.00471546813483919,0.0255675832658361
0.349999999999994,0.00550137949064569,0.0255670517828999
0.399999999999999,0.00628729084645229,0.0255664382850115
0.449999999999996,0.00707320220225879,0.0255657426657733
0.5,0.00785911355806539,0.0255649648046257
0.549999999999997,0.00864502491387189,0.0255641045668561
0.599999999999994,0.00943093626967838,0.0255631618036095
0.649999999999999,0.010216847625485,0.0255621363518999
0.699999999999996,0.0110027589812915,0.025561028034622
0.75,0.0117886703370981,0.025559836660566
0.799999999999997,0.0125745816929046,0.0255585620244309
0.849999999999994,0.0133604930487111,0.0255572039068414
0.899999999999999,0.0141464044045177,0.0255557620743642
0.949999999999996,0.0149323157603242,0.025554236279526
1,0.0157182271161308,0.025552626260833
1.05,0.0165041384719373,0.0255509317427909
1.09999999999999,0.0172900498277438,0.0255491524359265
1.15,0.0180759611835504,0.0255472880368101
1.2,0.0188618725393569,0.0255453382280796
1.25,0.0196477838951635,0.025543302678465
1.3,0.02043369525097,0.0255411810428149
1.34999999999999,0.0212196066067765,0.0255389729621235
1.4,0.0220055179625831,0.0255366780635595
1.45,0.0227914293183896,0.0255342959604952
1.5,0.0235773406741962,0.0255318262525381
1.55,0.0243632520300027,0.0255292685255625
1.59999999999999,0.0251491633858092,0.0255266223517434
1.65,0.0259350747416158,0.0255238872895908
1.7,0.0267209860974223,0.0255210628839857
1.75,0.0275068974532289,0.0255181486662173
1.8,0.0282928088090354,0.0255151441540218
1.84999999999999,0.0290787201648419,0.0255120488516216
1.9,0.0298646315206485,0.025508862249767
1.95,0.030650542876455,0.0255055838257781
2,0.0314364542322616,0.025502213043589
2.05,0.0322223655880681,0.0254987493537928
2.09999999999999,0.0330082769438746,0.0254951921936878
2.15,0.0337941882996812,0.0254915409873259
2.2,0.0345800996554877,0.0254877951455613
2.25,0.0353660110112943,0.0254839540661019
2.3,0.0361519223671008,0.0254800171335605
2.34999999999999,0.0369378337229073,0.0254759837195091
2.4,0.0377237450787139,0.0254718531825336
2.45,0.0385096564345204,0.0254676248682901
2.5,0.039295567790327,0.0254632981095632
2.55,0.0400814791461335,0.0254588722263252
2.59999999999999,0.04086739050194,0.0254543465257973
2.65,0.0416533018577466,0.0254497203025117
2.7,0.042439213213553,0.0254449928383761
2.75,0.0432251245693597,0.025440163402739
2.8,0.0440110359251661,0.0254352312524572
2.84999999999999,0.0447969472809726,0.0254301956319639
2.9,0.0455828586367793,0.0254250557733403
2.95,0.0463687699925857,0.0254198108963862
3,0.0471546813483924,0.0254144602086948
3.05,0.0479405927041988,0.0254090029057276
3.09999999999999,0.0487265040600053,0.0254034381708912
3.15,0.0495124154158119,0.0253977651756163
3.2,0.0502983267716184,0.0253919830794381
3.25,0.051084238127425,0.0253860910300783
3.3,0.0518701494832315,0.0253800881635292
3.34999999999999,0.052656060839038,0.0253739736041389
3.4,0.0534419721948446,0.0253677464646992
3.45,0.0542278835506511,0.0253614058465347
3.5,0.0550137949064577,0.0253549508395934
3.55,0.0557997062622642,0.0253483805225402
3.59999999999999,0.0565856176180707,0.0253416939628512
3.65,0.0573715289738773,0.02533489021691
3.7,0.0581574403296838,0.0253279683301066
3.75,0.0589433516854904,0.0253209273369376
3.8,0.0597292630412969,0.025313766261108
3.84999999999999,0.0605151743971034,0.0253064841156356
3.9,0.06130108575291,0.0252990799029574
3.95,0.0620869971087165,0.0252915526150366
4,0.0628729084645231,0.0252839012334738
4.05,0.0636588198203296,0.0252761247296178
4.09999999999999,0.0644447311761361,0.0252682220646804
4.15,0.0652306425319427,0.0252601921898516
4.2,0.0660165538877492,0.0252520340464182
4.25,0.0668024652435558,0.0252437465658832
4.3,0.0675883765993623,0.0252353286700883
4.34999999999999,0.0683742879551688,0.0252267792713375
4.4,0.0691601993109754,0.0252180972725239
4.45,0.0699461106667819,0.0252092815672571
4.5,0.0707320220225885,0.0252003310399941
4.55,0.071517933378395,0.0251912445661718
4.59999999999999,0.0723038447342015,0.0251820210123409
4.65,0.0730897560900081,0.0251726592363033
4.7,0.0738756674458146,0.0251631580872504
4.75,0.0746615788016212,0.0251535164059045
4.8,0.0754474901574277,0.0251437330246612
4.84999999999999,0.0762334015132342,0.0251338067677356
4.9,0.0770193128690408,0.0251237364513089
4.95,0.0778052242248473,0.0251135208836785
5,0.0785911355806539,0.0251031588654098
5.05,0.0793770469364604,0.0250926491894899
5.09999999999999,0.0801629582922669,0.0250819906414843
5.15,0.0809488696480735,0.0250711819996946
5.2,0.08173478100388,0.02506022203532
5.25,0.0825206923596866,0.0250491095126195
5.3,0.0833066037154931,0.0250378431890773
5.34999999999999,0.0840925150712996,0.0250264218155698
5.4,0.0848784264271062,0.0250148441365356
5.45,0.0856643377829127,0.0250031088901467
5.5,0.0864502491387193,0.0249912148084829
5.55,0.0872361604945258,0.024979160617708
5.59999999999999,0.0880220718503323,0.024966945038248
5.65,0.0888079832061389,0.0249545667849721
5.7,0.0895938945619454,0.0249420245673754
5.75,0.090379805917752,0.0249293170897642
5.8,0.0911657172735585,0.0249164430514434
5.84999999999999,0.091951628629365,0.0249034011469062
5.9,0.0927375399851716,0.0248901900660257
5.95,0.0935234513409781,0.0248768084942492
6,0.0943093626967847,0.0248632551127945
6.05,0.0950952740525912,0.0248495285988482
6.09999999999999,0.0958811854083977,0.0248356276257667
6.15,0.0966670967642043,0.0248215508632789
6.2,0.0974530081200108,0.0248072969776913
6.25,0.0982389194758174,0.0247928646320953
6.3,0.0990248308316239,0.0247782524865769
6.34999999999999,0.0998107421874304,0.0247634591984278
6.4,0.100596653543237,0.0247484834223597
6.45,0.101382564899043,0.0247333238107198
6.5,0.10216847625485,0.024717979013709
6.55,0.102954387610657,0.0247024476796022
6.59999999999999,0.103740298966463,0.0246867284549699
6.65,0.10452621032227,0.0246708199849036
6.7,0.105312121678076,0.0246547209132411
6.75,0.106098033033883,0.0246384298827955
6.8,0.106883944389689,0.0246219455355856
6.84999999999999,0.107669855745496,0.0246052665130686
6.9,0.108455767101302,0.0245883914563739
6.95,0.109241678457109,0.0245713190065403
7,0.110027589812915,0.024554047804754
7.05,0.110813501168722,0.0245365764925891
7.09999999999999,0.111599412524528,0.0245189037122498
7.15,0.112385323880335,0.0245010281068144
7.2,0.113171235236142,0.0244829483204815
7.25,0.113957146591948,0.0244646629988178
7.3,0.114743057947755,0.0244461707890077
7.34999999999999,0.115528969303561,0.0244274703401045
7.4,0.116314880659368,0.0244085603032841
7.45,0.117100792015174,0.0243894393320992
7.5,0.117886703370981,0.0243701060827365
7.55,0.118672614726787,0.0243505592142747
7.59999999999999,0.119458526082594,0.0243307973889441
7.65,0.1202444374384,0.0243108192723888
7.7,0.121030348794207,0.0242906235339287
7.75,0.121816260150014,0.0242702088468253
7.8,0.12260217150582,0.0242495738885465
7.84999999999999,0.123388082861627,0.0242287173410353
7.9,0.124173994217433,0.0242076378909776
7.95,0.12495990557324,0.0241863342300736
8,0.125745816929046,0.0241648050553085
8.05,0.126531728284853,0.0241430490692263
8.09999999999999,0.127317639640659,0.0241210649802033
8.15,0.128103550996466,0.0240988515027241
8.2,0.128889462352272,0.0240764073576578
8.25,0.129675373708079,0.0240537312725361
8.3,0.130461285063885,0.0240308219818318
8.34999999999999,0.131247196419692,0.024007678227239
8.4,0.132033107775499,0.0239842987579539
8.45,0.132819019131305,0.0239606823309563
8.5,0.133604930487112,0.0239368277112929
8.55,0.134390841842918,0.0239127336723603
8.59999999999999,0.135176753198725,0.0238883989961898
8.65,0.135962664554531,0.0238638224737325
8.7,0.136748575910338,0.0238390029051449
8.75,0.137534487266144,0.0238139391000755
8.8,0.138320398621951,0.023788629877952
8.84999999999999,0.139106309977757,0.023763074068269
8.9,0.139892221333564,0.0237372705108756
8.95,0.14067813268937,0.0237112180562647
9,0.141464044045177,0.0236849155658612
9.05,0.142249955400984,0.0236583619123119
9.09999999999999,0.14303586675679,0.0236315559797746
9.15,0.143821778112597,0.0236044966642079
9.2,0.144607689468403,0.0235771828736611
9.25,0.14539360082421,0.0235496135285641
9.3,0.146179512180016,0.0235217875620174
9.34999999999999,0.146965423535823,0.0234937039200823
9.4,0.147751334891629,0.0234653615620703
9.45,0.148537246247436,0.0234367594608329
9.5,0.149323157603242,0.0234078966030513
9.55,0.150109068959049,0.0233787719895254
9.59999999999999,0.150894980314855,0.0233493846354627
9.65,0.151680891670662,0.0233197335707666
9.7,0.152466803026469,0.0232898178403244
9.75,0.153252714382275,0.0232596365042947
9.8,0.154038625738082,0.0232291886383944
9.84999999999999,0.154824537093888,0.0231984733341842
9.9,0.155610448449695,0.0231674896993547
9.95,0.156396359805501,0.0231362368580103
10,0.157182271161308,0.0231047139509532
10.05,0.157968182517114,0.0230729201359662
10.1,0.158754093872921,0.0230408545880941
10.15,0.159540005228727,0.0230085164999244
10.2,0.160325916584534,0.0229759050818669
10.25,0.161111827940341,0.0229430195624317
10.3,0.161897739296147,0.0229098591885062
10.35,0.162683650651954,0.0228764232256306
10.4,0.16346956200776,0.0228427109582721
10.45,0.164255473363567,0.0228087216900974
10.5,0.165041384719373,0.0227744547442437
10.55,0.16582729607518,0.022739909463588
10.6,0.166613207430986,0.0227050852110148
10.65,0.167399118786793,0.022669981369682
10.7,0.168185030142599,0.0226345973432845
10.75,0.168970941498406,0.0225989325563164
10.8,0.169756852854212,0.022562986454331
10.85,0.170542764210019,0.0225267585041988
10.9,0.171328675565826,0.0224902481943626
10.95,0.172114586921632,0.0224534550350917
11,0.172900498277439,0.0224163785587327
11.05,0.173686409633245,0.0223790183199583
11.1,0.174472320989052,0.0223413738960135
11.15,0.175258232344858,0.0223034448869596
11.2,0.176044143700665,0.0222652309159152
11.25,0.176830055056471,0.0222267316292947
11.3,0.177615966412278,0.0221879466970444
11.35,0.178401877768084,0.0221488758128747
11.4,0.179187789123891,0.0221095186944907
11.45,0.179973700479697,0.0220698750838194
11.5,0.180759611835504,0.0220299447472329
11.55,0.181545523191311,0.0219897274757704
11.6,0.182331434547117,0.0219492230853549
11.65,0.183117345902924,0.0219084314170084
11.7,0.18390325725873,0.0218673523370628
11.75,0.184689168614537,0.0218259857373677
11.8,0.185475079970343,0.0217843315354946
11.85,0.18626099132615,0.0217423896749376
11.9,0.187046902681956,0.021700160125311
11.95,0.187832814037763,0.0216576428825423
12,0.188618725393569,0.0216148379690622
12.05,0.189404636749376,0.0215717454339904
12.1,0.190190548105183,0.0215283653533179
12.15,0.190976459460989,0.0214846978300849
12.2,0.191762370816796,0.0214407429945553
12.25,0.192548282172602,0.0213965010043861
12.3,0.193334193528409,0.021351972044794
12.35,0.194120104884215,0.0213071563287169
12.4,0.194906016240022,0.021262054096971
12.45,0.195691927595828,0.0212166656184046
12.5,0.196477838951635,0.0211709911900464
12.55,0.197263750307441,0.0211250311372499
12.6,0.198049661663248,0.0210787858138333
12.65,0.198835573019054,0.0210322556022145
12.7,0.199621484374861,0.0209854409135421
12.75,0.200407395730667,0.0209383421878211
12.8,0.201193307086474,0.0208909598940339
12.85,0.201979218442281,0.0208432945302571
12.9,0.202765129798087,0.0207953466237728
12.95,0.203551041153894,0.0207471167311754
13,0.2043369525097,0.020698605438473
13.05,0.205122863865507,0.0206498133611846
13.1,0.205908775221313,0.0206007411444312
13.15,0.20669468657712,0.0205513894630227
13.2,0.207480597932926,0.020501759021539
13.25,0.208266509288733,0.0204518505544067
13.3,0.209052420644539,0.0204016648259691
13.35,0.209838332000346,0.0203512026305528
13.4,0.210624243356152,0.0203004647925275
13.45,0.211410154711959,0.020249452166361
13.5,0.212196066067766,0.0201981656366687
13.55,0.212981977423572,0.0201466061182576
13.6,0.213767888779379,0.0200947745561652
13.65,0.214553800135185,0.020042671925692
13.7,0.215339711490992,0.0199902992324292
13.75,0.216125622846798,0.0199376575122807
13.8,0.216911534202605,0.019884747831479
13.85,0.217697445558411,0.0198315712865958
13.9,0.218483356914218,0.0197781290045471
13.95,0.219269268270024,0.019724422142592
14,0.220055179625831,0.0196704518883261
14.05,0.220841090981637,0.0196162194596693
14.1,0.221627002337444,0.0195617261048471
14.15,0.222412913693251,0.0195069731023672
14.2,0.223198825049057,0.0194519617609887
14.25,0.223984736404864,0.0193966934196872
14.3,0.22477064776067,0.0193411694476124
14.35,0.225556559116477,0.019285391244041
14.4,0.226342470472283,0.0192293602383227
14.45,0.22712838182809,0.0191730778898214
14.5,0.227914293183896,0.0191165456878489
14.55,0.228700204539703,0.0190597651515945
14.6,0.229486115895509,0.0190027378300469
14.65,0.230272027251316,0.0189454653019113
14.7,0.231057938607122,0.0188879491755197
14.75,0.231843849962929,0.0188301910887362
14.8,0.232629761318736,0.0187721927088552
14.85,0.233415672674542,0.0187139557324944
14.9,0.234201584030349,0.0186554818854814
14.95,0.234987495386155,0.0185967729227345
15,0.235773406741962,0.0185378306281374
15.05,0.236559318097768,0.0184786568144083
15.1,0.237345229453575,0.018419253322962
15.15,0.238131140809381,0.0183596220237678
15.2,0.238917052165188,0.0182997648151993
15.25,0.239702963520994,0.0182396836238802
15.3,0.240488874876801,0.0181793804045229
15.35,0.241274786232608,0.0181188571397616
15.4,0.242060697588414,0.01805811583998
15.45,0.242846608944221,0.0179971585431321
15.5,0.243632520300027,0.017935987314558
15.55,0.244418431655834,0.0178746042467937
15.6,0.24520434301164,0.0178130114593745
15.65,0.245990254367447,0.0177512110986338
15.7,0.246776165723253,0.017689205337495
15.75,0.24756207707906,0.017626996375258
15.8,0.248347988434866,0.0175645864373807
15.85,0.249133899790673,0.0175019777752537
15.9,0.249919811146479,0.0174391726659705
15.95,0.250705722502286,0.0173761734120911
16,0.251491633858093,0.0173129823414009
16.05,0.252277545213899,0.0172496018066635
16.1,0.253063456569706,0.0171860341853686
16.15,0.253849367925512,0.0171222818794737
16.2,0.254635279281319,0.017058347315141
16.25,0.255421190637125,0.0169942329424693
16.3,0.256207101992932,0.0169299412352193
16.35,0.256993013348738,0.0168654746905352
16.4,0.257778924704545,0.0168008358286604
16.45,0.258564836060351,0.0167360271926476
16.5,0.259350747416158,0.0166710513480647
16.55,0.260136658771964,0.0166059108826955
16.6,0.260922570127771,0.0165406084062347
16.65,0.261708481483578,0.016475146549979
16.7,0.262494392839384,0.0164095279665126
16.75,0.263280304195191,0.0163437553293884
16.8,0.264066215550997,0.0162778313328043
16.85,0.264852126906804,0.0162117586912746
16.9,0.26563803826261,0.0161455401392974
16.95,0.266423949618417,0.0160791784310169
17,0.267209860974223,0.0160126763398816
17.05,0.26799577233003,0.0159460366582977
17.1,0.268781683685836,0.0158792621972791
17.15,0.269567595041643,0.015812355786092
17.2,0.270353506397449,0.0157453202718962
17.25,0.271139417753256,0.015678158519382
17.3,0.271925329109063,0.0156108734104029
17.35,0.272711240464869,0.015543467843605
17.4,0.273497151820676,0.0154759447340517
17.45,0.274283063176482,0.0154083070128452
17.5,0.275068974532289,0.0153405576267445
17.55,0.275854885888095,0.0152726995377793
17.6,0.276640797243902,0.0152047357228602
17.65,0.277426708599708,0.0151366691733866
17.7,0.278212619955515,0.0150685028948497
17.75,0.278998531311321,0.0150002399064336
17.8,0.279784442667128,0.0149318832406128
17.85,0.280570354022935,0.0148634359427457
17.9,0.281356265378741,0.0147949010706668
17.95,0.282142176734548,0.0147262816942747
18,0.282928088090354,0.0146575808951177
18.05,0.283713999446161,0.014588801765977
18.1,0.284499910801967,0.0145199474104465
18.15,0.285285822157774,0.0144510209425113
18.2,0.28607173351358,0.0143820254861223
18.25,0.286857644869387,0.0143129641747699
18.3,0.287643556225193,0.0142438401510544
18.35,0.288429467581,0.0141746565662547
18.4,0.289215378936806,0.0141054165798955
18.45,0.290001290292613,0.014036123359311
18.5,0.290787201648419,0.0139667800792091
18.55,0.291573113004226,0.0138973899212313
18.6,0.292359024360033,0.0138279560735132
18.65,0.293144935715839,0.0137584817302423
18.7,0.293930847071646,0.013688970091214
18.75,0.294716758427452,0.013619424361388
18.8,0.295502669783259,0.0135498477504413
18.85,0.296288581139065,0.0134802434723218
18.9,0.297074492494872,0.0134106147448003
18.95,0.297860403850678,0.0133409647890211
19,0.298646315206485,0.0132712968290527
19.05,0.299432226562291,0.0132016140914372
19.1,0.300218137918098,0.0131319198047393
19.15,0.301004049273905,0.0130622171990947
19.2,0.301789960629711,0.0129925095057586
19.25,0.302575871985518,0.0129227999566533
19.3,0.303361783341324,0.0128530917839157
19.35,0.304147694697131,0.0127833882194456
19.4,0.304933606052937,0.0127136924944527
19.45,0.305719517408744,0.0126440078390049
19.5,0.30650542876455,0.0125743374815764
19.55,0.307291340120357,0.0125046846485957
19.6,0.308077251476163,0.0124350525639955
19.65,0.30886316283197,0.0123654444487613
19.7,0.309649074187776,0.0122958635204821
19.75,0.310434985543583,0.0122263129929014
19.8,0.311220896899389,0.0121567960754691
19.85,0.312006808255196,0.0120873159728942
19.9,0.312792719611003,0.0120178758846992
19.95,0.313578630966809,0.0119484790047748
20,0.314364542322616,0.011879128520937
20.05,0.315150453678422,0.0118098276144847
20.1,0.315936365034229,0.0117405794597593
20.15,0.316722276390035,0.0116713872237055
20.2,0.317508187745842,0.0116022540654348
20.25,0.318294099101648,0.0115331831357891
20.3,0.319080010457455,0.0114641775769082
20.35,0.319865921813261,0.0113952405217979
20.4,0.320651833169068,0.0113263750939007
20.45,0.321437744524875,0.0112575844066688
20.5,0.322223655880681,0.0111888715631393
20.55,0.323009567236488,0.0111202396555118
20.6,0.323795478592294,0.0110516917647286
20.65,0.324581389948101,0.0109832309600575
20.7,0.325367301303907,0.0109148602986772
20.75,0.326153212659714,0.0108465828252654
20.8,0.32693912401552,0.0107784015715903
20.85,0.327725035371327,0.0107103195561042
20.9,0.328510946727133,0.0106423397835413
20.95,0.32929685808294,0.0105744652445174
21,0.330082769438746,0.0105066989151339
21.05,0.330868680794553,0.0104390437565848
21.1,0.33165459215036,0.0103715027147665
21.15,0.332440503506166,0.0103040787198924
21.2,0.333226414861973,0.0102367746861096
21.25,0.334012326217779,0.0101695935111206
21.3,0.334798237573586,0.0101025380758078
21.35,0.335584148929392,0.0100356112438625
21.4,0.336370060285199,0.00996881586141719
21.45,0.337155971641005,0.0099021547566826
21.5,0.337941882996812,0.00983563073958801
21.55,0.338727794352618,0.00976924660142633
21.6,0.339513705708425,0.00970300511450307
21.65,0.340299617064231,0.00963690903178975
21.7,0.341085528420038,0.00957096108658166
21.75,0.341871439775845,0.00950516399215999
21.8,0.342657351131651,0.00943952044145852
21.85,0.343443262487458,0.00937403310673494
21.9,0.344229173843264,0.00930870463924665
21.95,0.345015085199071,0.00924353766893148
22,0.345800996554877,0.00917853480409301
22.05,0.346586907910684,0.00911369863109076
22.1,0.34737281926649,0.00904903171403533
22.15,0.348158730622297,0.00898453659448848
22.2,0.348944641978103,0.00892021579116808
22.25,0.34973055333391,0.00885607179965839
22.3,0.350516464689716,0.00879210709212515
22.35,0.351302376045523,0.00872832411703608
22.4,0.35208828740133,0.0086647252988865
22.45,0.352874198757136,0.00860131303793017
22.5,0.353660110112943,0.00853808970991558
22.55,0.354446021468749,0.0084750576658275
22.6,0.355231932824556,0.00841221923163394
22.65,0.356017844180362,0.00834957670803862
22.7,0.356803755536169,0.00828713237023889
22.75,0.357589666891975,0.00822488846768918
22.8,0.358375578247782,0.00816284722387001
22.85,0.359161489603588,0.00810101083606266
22.9,0.359947400959395,0.00803938147512938
22.95,0.360733312315202,0.00797796128529937
23,0.361519223671008,0.00791675238396043
23.05,0.362305135026815,0.00785575686145624
23.1,0.363091046382621,0.00779497678088962
23.15,0.363876957738428,0.00773441417793132
23.2,0.364662869094234,0.00767407106063479
23.25,0.365448780450041,0.00761394940925675
23.3,0.366234691805847,0.00755405117608356
23.35,0.367020603161654,0.00749437828526347
23.4,0.36780651451746,0.00743493263264482
23.45,0.368592425873267,0.00737571608562004
23.5,0.369378337229073,0.00731673048297568
23.55,0.37016424858488,0.00725797763474831
23.6,0.370950159940686,0.00719945932208627
23.65,0.371736071296493,0.00714117729711757
23.7,0.3725219826523,0.00708313328282355
23.75,0.373307894008106,0.00702532897291861
23.8,0.374093805363913,0.00696776603173587
23.85,0.374879716719719,0.00691044609411878
23.9,0.375665628075526,0.00685337076531869
23.95,0.376451539431332,0.00679654162089846
24,0.377237450787139,0.00673996020664189
24.05,0.378023362142945,0.00668362803846926
24.1,0.378809273498752,0.00662754660235867
24.15,0.379595184854558,0.00657171735427345
24.2,0.380381096210365,0.00651614172009539
24.25,0.381167007566172,0.00646082109556398
24.3,0.381952918921978,0.00640575684622148
24.35,0.382738830277785,0.00635095030736394
24.4,0.383524741633591,0.00629640278399807
24.45,0.384310652989398,0.00624211555080393
24.5,0.385096564345204,0.00618808985210352
24.55,0.385882475701011,0.0061343269018352
24.6,0.386668387056817,0.00608082788353376
24.65,0.387454298412624,0.00602759395031648
24.7,0.38824020976843,0.00597462622487472
24.75,0.389026121124237,0.0059219257994714
24.8,0.389812032480043,0.00586949373594406
24.85,0.39059794383585,0.0058173310657136
24.9,0.391383855191656,0.00576543878979871
24.95,0.392169766547463,0.00571381787883582
25,0.39295567790327,0.00566246927310462
25.05,0.393741589259076,0.00561139388255918
25.1,0.394527500614883,0.00556059258686444
25.15,0.395313411970689,0.00551006623543829
25.2,0.396099323326496,0.00545981564749893
25.25,0.396885234682302,0.00540984161211767
25.3,0.397671146038109,0.00536014488827708
25.35,0.398457057393915,0.00531072620493434
25.4,0.399242968749722,0.00526158626108994
25.45,0.400028880105528,0.00521272572586146
25.5,0.400814791461335,0.00516414523856262
25.55,0.401600702817141,0.0051158454087873
25.6,0.402386614172948,0.00506782681649874
25.65,0.403172525528755,0.00502009001212362
25.7,0.403958436884561,0.00497263551665118
25.75,0.404744348240368,0.00492546382173719
25.8,0.405530259596174,0.00487857538981278
25.85,0.406316170951981,0.00483197065419804
25.9,0.407102082307787,0.00478565001922038
25.95,0.407887993663594,0.00473961386033751
26,0.4086739050194,0.00469386252426511
26.05,0.409459816375207,0.00464839632910903
26.1,0.410245727731013,0.00460321556450196
26.15,0.41103163908682,0.00455832049174454
26.2,0.411817550442627,0.00451371134395092
26.25,0.412603461798433,0.00446938832619857
26.3,0.41338937315424,0.00442535161568233
26.35,0.414175284510046,0.00438160136187269
26.4,0.414961195865853,0.00433813768667821
26.45,0.415747107221659,0.00429496068461191
26.5,0.416533018577466,0.00425207042296178
26.55,0.417318929933272,0.0042094669419651
26.6,0.418104841289079,0.0041671502549867
26.65,0.418890752644885,0.00412512034870094
26.7,0.419676664000692,0.00408337718327752
26.75,0.420462575356498,0.00404192069257082
26.8,0.421248486712305,0.00400075078431291
26.85,0.422034398068111,0.00395986734031004
26.9,0.422820309423918,0.0039192702166426
26.95,0.423606220779725,0.00387895924386841
27,0.424392132135531,0.00383893422722936
27.05,0.425178043491338,0.00379919494686125
27.1,0.425963954847144,0.00375974115800677
27.15,0.426749866202951,0.00372057259123163
27.2,0.427535777558757,0.00368168895264364
27.25,0.428321688914564,0.00364308992411476
27.3,0.42910760027037,0.00360477516350597
27.35,0.429893511626177,0.00356674430489503
27.4,0.430679422981983,0.00352899695880683
27.45,0.43146533433779,0.00349153271244649
27.5,0.432251245693597,0.00345435112993494
27.55,0.433037157049403,0.0034174517525471
27.6,0.43382306840521,0.00338083409895236
27.65,0.434608979761016,0.0033444976654575
27.7,0.435394891116823,0.00330844192625182
27.75,0.436180802472629,0.00327266633365448
27.8,0.436966713828436,0.00323717031836402
27.85,0.437752625184242,0.00320195328970979
27.9,0.438538536540049,0.00316701463590549
27.95,0.439324447895855,0.00313235372430453
28,0.440110359251662,0.0030979699016572
28.05,0.440896270607468,0.00306386249436965
28.1,0.441682181963275,0.00303003080876448
28.15,0.442468093319082,0.00299647413134295
28.2,0.443254004674888,0.00296319172904871
28.25,0.444039916030695,0.00293018284953299
28.3,0.444825827386501,0.0028974467214211
28.35,0.445611738742308,0.00286498255458038
28.4,0.446397650098114,0.00283278954038917
28.45,0.447183561453921,0.00280086685200712
28.5,0.447969472809727,0.00276921364464646
28.55,0.448755384165534,0.00273782905584436
28.6,0.44954129552134,0.00270671220573614
28.65,0.450327206877147,0.00267586219732944
28.7,0.451113118232953,0.00264527811677911
28.75,0.45189902958876,0.00261495903366286
28.8,0.452684940944567,0.00258490400125752
28.85,0.453470852300373,0.00255511205681596
28.9,0.45425676365618,0.00252558222184443
28.95,0.455042675011986,0.00249631350238043
29,0.455828586367793,0.00246730488927084
29.05,0.456614497723599,0.0024385553584505
29.1,0.457400409079406,0.00241006387122091
29.15,0.458186320435212,0.00238182901898704
29.2,0.458972231791019,0.00235384973693569
29.25,0.459758143146825,0.00232612494645134
29.3,0.460544054502632,0.00229865355539521
29.35,0.461329965858438,0.00227143445838412
29.4,0.462115877214245,0.00224446653706922
29.45,0.462901788570052,0.0022177486604145
29.5,0.463687699925858,0.00219127968497504
29.55,0.464473611281665,0.00216505845517486
29.6,0.465259522637471,0.00213908380358446
29.65,0.466045433993278,0.00211335455119776
29.7,0.466831345349084,0.00208786950770865
29.75,0.467617256704891,0.00206262747178686
29.8,0.468403168060697,0.00203762723135325
29.85,0.469189079416504,0.00201286756385431
29.9,0.46997499077231,0.00198834723653601
29.95,0.470760902128117,0.00196406500671676
30,0.471546813483924,0.00194001962205952
30.05,0.47233272483973,0.00191620982084299
30.1,0.473118636195537,0.00189263433223181
30.15,0.473904547551343,0.00186929187654574
30.2,0.47469045890715,0.00184618116552775
30.25,0.475476370262956,0.00182330090261097
30.3,0.476262281618763,0.00180064978318444
30.35,0.477048192974569,0.00177822649485768
30.4,0.477834104330376,0.00175602971772389
30.45,0.478620015686182,0.00173405812462189
30.5,0.479405927041989,0.00171231038139665
30.55,0.480191838397795,0.00169078514715839
30.6,0.480977749753602,0.0016694810745402
30.65,0.481763661109408,0.00164839680995418
30.7,0.482549572465215,0.00162753099384598
30.75,0.483335483821022,0.00160688226094778
30.8,0.484121395176828,0.00158644924052956
30.85,0.484907306532635,0.00156623055664876
30.9,0.485693217888441,0.00154622482839818
30.95,0.486479129244248,0.00152643067015209
31,0.487265040600054,0.00150684669181059
31.05,0.488050951955861,0.0014874714990421
31.1,0.488836863311667,0.00146830369352395
31.15,0.489622774667474,0.00144934187318113
31.2,0.49040868602328,0.00143058463242306
31.25,0.491194597379087,0.0014120305623783
31.3,0.491980508734894,0.00139367825112742
31.35,0.4927664200907,0.00137552628393364
31.4,0.493552331446507,0.00135757324347157
31.45,0.494338242802313,0.00133981771005368
31.5,0.49512415415812,0.00132225826185478
31.55,0.495910065513926,0.00130489347513425
31.6,0.496695976869733,0.00128772192445612
31.65,0.497481888225539,0.00127074218290692
31.7,0.498267799581346,0.0012539528223113
31.75,0.499053710937152,0.00123735241344541
31.8,0.499839622292959,0.00122093952624791
31.85,0.500625533648765,0.00120471273002881
31.9,0.501411445004572,0.00118867059367583
31.95,0.502197356360379,0.0011728116858585
32,0.502983267716185,0.00115713457522991
32.05,0.503769179071992,0.00114163783062595
32.1,0.504555090427798,0.00112632002126228
32.15,0.505341001783605,0.00111117971692881
32.2,0.506126913139411,0.0010962154881817
32.25,0.506912824495218,0.00108142590653301
32.3,0.507698735851024,0.00106680954463779
32.35,0.508484647206831,0.00105236497647868
32.4,0.509270558562637,0.00103809077754813
32.45,0.510056469918444,0.00102398552502793
32.5,0.510842381274251,0.0010100477979664
32.55,0.511628292630057,0.000996276177452919
32.6,0.512414203985863,0.000982669602332092
32.65,0.51320011534167,0.000969226655973928
32.7,0.513986026697477,0.000955945924303911
32.75,0.514771938053283,0.000942825995967415
32.8,0.51555784940909,0.000929865462491555
32.85,0.516343760764896,0.000917062918444473
32.9,0.517129672120703,0.000904416961592035
32.95,0.517915583476509,0.000891926193051955
33,0.518701494832316,0.00087958921744533
33.05,0.519487406188122,0.000867404643045586
33.1,0.520273317543929,0.000855371081924836
33.15,0.521059228899735,0.000843487150097657
33.2,0.521845140255542,0.000831751467662261
33.25,0.522631051611349,0.000820162658939096
33.3,0.523416962967155,0.000808719352606847
33.35,0.524202874322962,0.000797420181835855
33.4,0.524988785678768,0.000786263784418957
33.45,0.525774697034575,0.000775248802899745
33.5,0.526560608390381,0.00076437388469825
33.55,0.527346519746188,0.000753637682234056
33.6,0.528132431101994,0.000743038853046856
33.65,0.528918342457801,0.00073257605991444
33.7,0.529704253813607,0.000722247970968142
33.75,0.530490165169414,0.000712053259805734
33.8,0.53127607652522,0.000701990605601795
33.85,0.532061987881027,0.000692058693215542
33.9,0.532847899236834,0.00068225621329615
33.95,0.53363381059264,0.000672581862385563
34,0.534419721948447,0.000663034343018807
34.05,0.535205633304253,0.000653612363821816
34.1,0.53599154466006,0.000644314639606781
34.15,0.536777456015866,0.000635139891465038
34.2,0.537563367371673,0.000626086846857508
34.25,0.538349278727479,0.000617154239702691
34.3,0.539135190083286,0.000608340810462245
34.35,0.539921101439092,0.000599645306224149
34.4,0.540707012794899,0.000591066480783469
34.45,0.541492924150706,0.000582603094720751
34.5,0.542278835506512,0.000574253915478042
34.55,0.543064746862319,0.000566017717432562
34.6,0.543850658218125,0.000557893281968045
34.65,0.544636569573932,0.00054987939754376
34.7,0.545422480929738,0.000541974859761241
34.75,0.546208392285545,0.00053417847142872
34.8,0.546994303641351,0.000526489042623316
34.85,0.547780214997158,0.000518905390750955
34.9,0.548566126352964,0.000511426340604085
34.95,0.549352037708771,0.000504050724417169
35,0.550137949064577,0.000496777381919989
35.05,0.550923860420384,0.000489605160388791
35.1,0.551709771776191,0.000482532914695272
35.15,0.552495683131997,0.000475559507353438
35.2,0.553281594487804,0.000468683808564357
35.25,0.55406750584361,0.000461904696258825
35.3,0.554853417199417,0.000455221056137959
35.35,0.555639328555223,0.000448631781711757
35.4,0.55642523991103,0.000442135774335617
35.45,0.557211151266836,0.000435731943244873
35.5,0.557997062622643,0.000429419205587337
35.55,0.558782973978449,0.00042319648645389
35.6,0.559568885334256,0.00041706271890714
35.65,0.560354796690062,0.000411016844008167
35.7,0.561140708045869,0.000405057810841369
35.75,0.561926619401676,0.000399184576537461
35.8,0.562712530757482,0.000393396106294614
35.85,0.563498442113289,0.000387691373397784
35.9,0.564284353469095,0.000382069359236242
35.95,0.565070264824902,0.000376529053319331
36,0.565856176180708,0.000371069453290478
36.05,0.566642087536515,0.000365689564939481
36.1,0.567427998892321,0.000360388402213092
36.15,0.568213910248128,0.000355164987223925
36.2,0.568999821603934,0.000350018350257719
36.25,0.569785732959741,0.000344947529778963
36.3,0.570571644315547,0.000339951572434924
36.35,0.571357555671354,0.000335029533058095
36.4,0.572143467027161,0.000330180474667088
36.45,0.572929378382967,0.000325403468465999
36.5,0.573715289738774,0.000320697593842265
36.55,0.57450120109458,0.000316061938363044
36.6,0.575287112450387,0.000311495597770134
36.65,0.576073023806193,0.000306997675973465
36.7,0.576858935162,0.000302567285043186
36.75,0.577644846517806,0.000298203545200362
36.8,0.578430757873613,0.00029390558480632
36.85,0.579216669229419,0.000289672540350662
36.9,0.580002580585226,0.000285503556437968
36.95,0.580788491941033,0.000281397785773212
37,0.581574403296839,0.000277354389145926
37.05,0.582360314652645,0.000273372535413124
37.1,0.583146226008452,0.000269451401481013
37.15,0.583932137364259,0.000265590172285526
37.2,0.584718048720065,0.000261788040771685
37.25,0.585503960075872,0.000258044207871831
37.3,0.586289871431678,0.000254357882482735
37.35,0.587075782787485,0.000250728281441628
37.4,0.587861694143291,0.000247154629501153
37.45,0.588647605499098,0.000243636159303286
37.5,0.589433516854904,0.000240172111352229
37.55,0.590219428210711,0.000236761733986319
37.6,0.591005339566517,0.000233404283348951
37.65,0.591791250922324,0.000230099023358565
37.7,0.592577162278131,0.000226845225677702
37.75,0.593363073633937,0.000223642169681159
37.8,0.594148984989744,0.000220489142423261
37.85,0.59493489634555,0.000217385438604287
37.9,0.595720807701357,0.000214330360536048
37.95,0.596506719057163,0.000211323218106661
38,0.59729263041297,0.000208363328744538
38.05,0.598078541768776,0.000205450017381594
38.1,0.598864453124583,0.000202582616415723
38.15,0.599650364480389,0.000199760465672545
38.2,0.600436275836196,0.000196982912366446
38.25,0.601222187192002,0.000194249311060951
38.3,0.602008098547809,0.000191559023628417
38.35,0.602794009903616,0.000188911419209109
38.4,0.603579921259422,0.000186305874169642
38.45,0.604365832615229,0.000183741772060832
38.5,0.605151743971035,0.000181218503574973
38.55,0.605937655326842,0.000178735466502552
38.6,0.606723566682648,0.000176292065688429
38.65,0.607509478038455,0.0001738877129875
38.7,0.608295389394261,0.000171521827219869
38.75,0.609081300750068,0.000169193834125529
38.8,0.609867212105874,0.000166903166318595
38.85,0.610653123461681,0.000164649263241095
38.9,0.611439034817488,0.000162431571116334
38.95,0.612224946173294,0.000160249542901866
39,0.613010857529101,0.00015810263824207
39.05,0.613796768884907,0.000155990323420367
39.1,0.614582680240714,0.000153912071311085
39.15,0.61536859159652,0.000151867361330996
39.2,0.616154502952327,0.000149855679390534
39.25,0.616940414308133,0.000147876517844724
39.3,0.61772632566394,0.00014592937544382
39.35,0.618512237019746,0.000144013757283695
39.4,0.619298148375553,0.000142129174755967
39.45,0.620084059731359,0.000140275145497909
39.5,0.620869971087166,0.000138451193342135
39.55,0.621655882442972,0.000136656848266092
39.6,0.622441793798779,0.000134891646341364
39.65,0.623227705154586,0.000133155129682812
39.7,0.624013616510392,0.00013144684639756
39.75,0.624799527866199,0.000129766350533836
39.8,0.625585439222005,0.000128113202029696
39.85,0.626371350577812,0.000126486966661637
39.9,0.627157261933618,0.000124887215993108
39.95,0.627943173289425,0.000123313527322947
40,0.628729084645231,0.000121765483633742
40.05,0.629514996001038,0.000120242673540141
40.1,0.630300907356844,0.000118744691237116
40.15,0.631086818712651,0.000117271136448201
40.2,0.631872730068458,0.000115821614373711
40.25,0.632658641424264,0.000114395735638953
40.3,0.633444552780071,0.00011299311624245
40.35,0.634230464135877,0.000111613377504181
40.4,0.635016375491684,0.000110256146013849
40.45,0.63580228684749,0.000108921053579196
40.5,0.636588198203297,0.000107607737174369
40.55,0.637374109559103,0.000106315838888346
40.6,0.63816002091491,0.000105045005873446
40.65,0.638945932270716,0.000103794890293914
40.7,0.639731843626523,0.000102565149274605
40.75,0.640517754982329,0.000101355444849777
40.8,0.641303666338136,0.000100165443911994
40.85,0.642089577693943,9.89948181611559e-05
40.9,0.642875489049749,9.78432440536596e-05
40.95,0.643661400405556,9.67104027517067e-05
41,0.644447311761362,9.55959800727602e-05
41.05,0.645233223117169,9.44996664391619e-05
41.1,0.646019134472975,9.34211568279193e-05
41.15,0.646805045828782,9.23601507206684e-05
41.2,0.647590957184588,9.13163520538221e-05
41.25,0.648376868540395,9.02894691689108e-05
41.3,0.649162779896201,8.92792147631231e-05
41.35,0.649948691252008,8.82853058400546e-05
41.4,0.650734602607814,8.73074636606703e-05
41.45,0.651520513963621,8.6345413694489e-05
41.5,0.652306425319428,8.53988855709968e-05
41.55,0.653092336675234,8.44676130312939e-05
41.6,0.653878248031041,8.35513338799835e-05
41.65,0.654664159386847,8.26497899373075e-05
41.7,0.655450070742654,8.17627269915356e-05
41.75,0.65623598209846,8.08898947516128e-05
41.8,0.657021893454267,8.0031046800072e-05
41.85,0.657807804810073,7.91859405462157e-05
41.9,0.65859371616588,7.83543371795729e-05
41.95,0.659379627521686,7.75360016236362e-05
42,0.660165538877493,7.67307024898825e-05
42.05,0.660951450233299,7.59382120320848e-05
42.1,0.661737361589106,7.51583061009157e-05
42.15,0.662523272944913,7.43907640988507e-05
42.2,0.663309184300719,7.36353689353724e-05
42.25,0.664095095656526,7.28919069824813e-05
42.3,0.664881007012332,7.21601680305161e-05
42.35,0.665666918368139,7.14399452442874e-05
42.4,0.666452829723945,7.07310351195285e-05
42.45,0.667238741079752,7.00332374396656e-05
42.5,0.668024652435558,6.93463552329118e-05
42.55,0.668810563791365,6.86701947296865e-05
42.6,0.669596475147171,6.80045653203643e-05
42.65,0.670382386502978,6.73492795133551e-05
42.7,0.671168297858785,6.67041528935181e-05
42.75,0.671954209214591,6.60690040809123e-05
42.8,0.672740120570398,6.54436546898856e-05
42.85,0.673526031926204,6.4827929288504e-05
42.9,0.674311943282011,6.42216553583244e-05
42.95,0.675097854637817,6.36246632545102e-05
43,0.675883765993624,6.30367861662941e-05
43.05,0.67666967734943,6.24578600777878e-05
43.1,0.677455588705237,6.18877237291404e-05
43.15,0.678241500061043,6.13262185780473e-05
43.2,0.67902741141685,6.07731887616099e-05
43.25,0.679813322772656,6.02284810585479e-05
43.3,0.680599234128463,5.96919448517646e-05
43.35,0.68138514548427,5.91634320912657e-05
43.4,0.682171056840076,5.86427972574335e-05
43.45,0.682956968195883,5.81298973246554e-05
43.5,0.683742879551689,5.76245917253078e-05
43.55,0.684528790907496,5.71267423140973e-05
43.6,0.685314702263302,5.66362133327558e-05
43.65,0.686100613619109,5.61528713750934e-05
43.7,0.686886524974915,5.56765853524073e-05
43.75,0.687672436330722,5.52072264592457e-05
43.8,0.688458347686528,5.47446681395293e-05
43.85,0.689244259042335,5.42887860530267e-05
43.9,0.690030170398141,5.38394580421868e-05
43.95,0.690816081753948,5.33965640993244e-05
44,0.691601993109754,5.29599863341613e-05
44.05,0.692387904465561,5.25296089417205e-05
44.1,0.693173815821368,5.21053181705733e-05
44.15,0.693959727177174,5.16870022914388e-05
44.2,0.694745638532981,5.12745515661341e-05
44.25,0.695531549888787,5.08678582168757e-05
44.3,0.696317461244594,5.04668163959292e-05
44.35,0.6971033726004,5.0071322155608e-05
44.4,0.697889283956207,4.96812734186182e-05
44.45,0.698675195312013,4.92965699487499e-05
44.5,0.69946110666782,4.89171133219127e-05
44.55,0.700247018023626,4.8542806897514e-05
44.6,0.701032929379433,4.81735557901798e-05
44.65,0.701818840735239,4.78092668418144e-05
44.7,0.702604752091046,4.74498485939996e-05
44.75,0.703390663446853,4.70952112607308e-05
44.8,0.704176574802659,4.67452667014879e-05
44.85,0.704962486158466,4.639992839464e-05
44.9,0.705748397514272,4.60591114111826e-05
44.95,0.706534308870079,4.57227323888034e-05
45,0.707320220225885,4.53907095062776e-05
45.05,0.708106131581692,4.50629624581884e-05
45.1,0.708892042937498,4.47394124299724e-05
45.15,0.709677954293305,4.44199820732868e-05
45.2,0.710463865649111,4.41045954816969e-05
45.25,0.711249777004918,4.37931781666819e-05
45.3,0.712035688360725,4.34856570339566e-05
45.35,0.712821599716531,4.31819603601064e-05
45.4,0.713607511072338,4.28820177695349e-05
45.45,0.714393422428144,4.25857602117199e-05
45.5,0.715179333783951,4.22931199387775e-05
45.55,0.715965245139757,4.20040304833298e-05
45.6,0.716751156495564,4.17184266366769e-05
45.65,0.71753706785137,4.14362444272671e-05
45.7,0.718322979207177,4.11574210994663e-05
45.75,0.719108890562983,4.08818950926225e-05
45.8,0.71989480191879,4.06096060204231e-05
45.85,0.720680713274596,4.03404946505427e-05
45.9,0.721466624630403,4.00745028845794e-05
45.95,0.72225253598621,3.98115737382763e-05
46,0.723038447342016,3.95516513220264e-05
46.05,0.723824358697823,3.92946808216582e-05
46.1,0.724610270053629,3.90406084794987e-05
46.15,0.725396181409436,3.87893815757132e-05
46.2,0.726182092765242,3.85409484099165e-05
46.25,0.726968004121049,3.8295258283056e-05
46.3,0.727753915476855,3.80522614795617e-05
46.35,0.728539826832662,3.78119092497618e-05
46.4,0.729325738188468,3.75741537925607e-05
46.45,0.730111649544275,3.73389482383777e-05
46.5,0.730897560900081,3.71062466323421e-05
46.55,0.731683472255888,3.68760039177442e-05
46.6,0.732469383611695,3.66481759197377e-05
46.65,0.733255294967501,3.64227193292922e-05
46.7,0.734041206323308,3.6199591687392e-05
46.75,0.734827117679114,3.59787513694803e-05
46.8,0.735613029034921,3.57601575701441e-05
46.85,0.736398940390727,3.55437702880385e-05
46.9,0.737184851746534,3.53295503110474e-05
46.95,0.73797076310234,3.51174592016785e-05
47,0.738756674458147,3.49074592826887e-05
47.05,0.739542585813953,3.46995136229384e-05
47.1,0.74032849716976,3.44935860234722e-05
47.15,0.741114408525566,3.42896410038222e-05
47.2,0.741900319881373,3.40876437885325e-05
47.25,0.74268623123718,3.38875602939016e-05
47.3,0.743472142592986,3.36893571149411e-05
47.35,0.744258053948793,3.34930015125457e-05
47.4,0.745043965304599,3.32984614008757e-05
47.45,0.745829876660406,3.31057053349457e-05
47.5,0.746615788016212,3.2914702498419e-05
47.55,0.747401699372019,3.27254226916056e-05
47.6,0.748187610727825,3.25378363196587e-05
47.65,0.748973522083632,3.23519143809705e-05
47.7,0.749759433439438,3.21676284557621e-05
47.75,0.750545344795245,3.19849506948666e-05
47.8,0.751331256151051,3.18038538087019e-05
47.85,0.752117167506858,3.16243110564315e-05
47.9,0.752903078862664,3.14462962353106e-05
47.95,0.753688990218471,3.12697836702146e-05
48,0.754474901574278,3.1094748203348e-05
48.05,0.755260812930084,3.09211651841318e-05
48.1,0.756046724285891,3.07490104592652e-05
48.15,0.756832635641697,3.05782603629622e-05
48.2,0.757618546997504,3.04088917073567e-05
48.25,0.75840445835331,3.02408817730783e-05
48.3,0.759190369709117,3.00742082999924e-05
48.35,0.759976281064923,2.99088494781049e-05
48.4,0.76076219242073,2.97447839386279e-05
48.45,0.761548103776536,2.95819907452053e-05
48.5,0.762334015132343,2.9420449385294e-05
48.55,0.76311992648815,2.9260139761701e-05
48.6,0.763905837843956,2.91010421842719e-05
48.65,0.764691749199763,2.89431373617305e-05
48.7,0.765477660555569,2.87864063936653e-05
48.75,0.766263571911376,2.86308307626626e-05
48.8,0.767049483267182,2.84763923265829e-05
48.85,0.767835394622989,2.83230733109791e-05
48.9,0.768621305978795,2.81708563016536e-05
48.95,0.769407217334602,2.8019724237353e-05
49,0.770193128690408,2.78696604025978e-05
49.05,0.770979040046215,2.77206484206457e-05
49.1,0.771764951402022,2.75726722465853e-05
49.15,0.772550862757828,2.74257161605591e-05
49.2,0.773336774113635,2.72797647611144e-05
49.25,0.774122685469441,2.71348029586775e-05
49.3,0.774908596825248,2.69908159691531e-05
49.35,0.775694508181054,2.68477893076433e-05
49.4,0.776480419536861,2.67057087822866e-05
49.45,0.777266330892667,2.65645604882144e-05
49.5,0.778052242248474,2.64243308016222e-05
49.55,0.77883815360428,2.62850063739555e-05
49.6,0.779624064960087,2.61465741262067e-05
49.65,0.780409976315893,2.60090212433222e-05
49.7,0.7811958876717,2.5872335168718e-05
49.75,0.781981799027507,2.57365035989011e-05
49.8,0.782767710383313,2.56015144781963e-05
49.85,0.78355362173912,2.54673559935752e-05
49.9,0.784339533094926,2.53340165695869e-05
49.95,0.785125444450733,2.52014848633881e-05
50,0.785911355806539,2.50697497598708e-05
