Distance_Physicalspace_um,Distance_Wavelengthspace_nm,ISRF_Mp2S
-50,-0.703101892629369,3.43915499518913e-05
-49.95,-0.70239879073674,3.45471201898005e-05
-49.9,-0.70169568884411,3.47033234794991e-05
-49.85,-0.700992586951481,3.48601641295788e-05
-49.8,-0.700289485058851,3.5017646496951e-05
-49.75,-0.699586383166222,3.51757749877383e-05
-49.7,-0.698883281273593,3.53345540581898e-05
-49.65,-0.698180179380963,3.54939882156202e-05
-49.6,-0.697477077488334,3.56540820193752e-05
-49.55,-0.696773975595705,3.5814840081822e-05
-49.5,-0.696070873703075,3.59762670693676e-05
-49.45,-0.695367771810446,3.61383677035037e-05
-49.4,-0.694664669917817,3.63011467618811e-05
-49.35,-0.693961568025187,3.64646090794131e-05
-49.3,-0.693258466132558,3.6628759549409e-05
-49.25,-0.692555364239928,3.67936031247394e-05
-49.2,-0.691852262347299,3.69591448190327e-05
-49.15,-0.69114916045467,3.71253897079061e-05
-49.1,-0.69044605856204,3.72923429302297e-05
-49.05,-0.689742956669411,3.74600096894262e-05
-49,-0.689039854776782,3.76283952548072e-05
-48.95,-0.688336752884152,3.77975049629465e-05
-48.9,-0.687633650991523,3.79673442190921e-05
-48.85,-0.686930549098894,3.81379184986181e-05
-48.8,-0.686227447206264,3.83092333485174e-05
-48.75,-0.685524345313635,3.84812943889365e-05
-48.7,-0.684821243421005,3.86541073147544e-05
-48.65,-0.684118141528376,3.88276778972053e-05
-48.6,-0.683415039635747,3.90020119855483e-05
-48.55,-0.682711937743117,3.91771155087845e-05
-48.5,-0.682008835850488,3.93529944774231e-05
-48.45,-0.681305733957859,3.95296549852975e-05
-48.4,-0.680602632065229,3.97071032114347e-05
-48.35,-0.6798995301726,3.98853454219767e-05
-48.3,-0.67919642827997,4.00643879721585e-05
-48.25,-0.678493326387341,4.02442373083421e-05
-48.2,-0.677790224494712,4.04248999701098e-05
-48.15,-0.677087122602082,4.0606382592417e-05
-48.1,-0.676384020709453,4.07886919078082e-05
-48.05,-0.675680918816824,4.0971834748696e-05
-48,-0.674977816924194,4.11558180497071e-05
-47.95,-0.674274715031565,4.13406488500953e-05
-47.9,-0.673571613138936,4.15263342962246e-05
-47.85,-0.672868511246306,4.17128816441252e-05
-47.8,-0.672165409353677,4.19002982621224e-05
-47.75,-0.671462307461047,4.20885916335424e-05
-47.7,-0.670759205568418,4.2277769359497e-05
-47.65,-0.670056103675789,4.24678391617487e-05
-47.6,-0.669353001783159,4.26588088856592e-05
-47.55,-0.66864989989053,4.28506865032242e-05
-47.5,-0.667946797997901,4.30434801161951e-05
-47.45,-0.667243696105271,4.32371979592931e-05
-47.4,-0.666540594212642,4.34318484035159e-05
-47.35,-0.665837492320012,4.36274399595404e-05
-47.3,-0.665134390427383,4.38239812812247e-05
-47.25,-0.664431288534754,4.40214811692122e-05
-47.2,-0.663728186642124,4.42199485746397e-05
-47.15,-0.663025084749495,4.44193926029541e-05
-47.1,-0.662321982856866,4.4619822517839e-05
-47.05,-0.661618880964236,4.48212477452564e-05
-47,-0.660915779071607,4.50236778776047e-05
-46.95,-0.660212677178978,4.52271226779978e-05
-46.9,-0.659509575286348,4.54315920846684e-05
-46.85,-0.658806473393719,4.56370962154983e-05
-46.8,-0.658103371501089,4.58436453726799e-05
-46.75,-0.65740026960846,4.60512500475131e-05
-46.7,-0.656697167715831,4.62599209253402e-05
-46.65,-0.655994065823201,4.64696688906229e-05
-46.6,-0.655290963930572,4.6680505032167e-05
-46.55,-0.654587862037943,4.68924406484959e-05
-46.5,-0.653884760145313,4.71054872533801e-05
-46.45,-0.653181658252684,4.73196565815247e-05
-46.4,-0.652478556360054,4.75349605944205e-05
-46.35,-0.651775454467425,4.77514114863626e-05
-46.3,-0.651072352574796,4.79690216906416e-05
-46.25,-0.650369250682166,4.81878038859115e-05
-46.2,-0.649666148789537,4.84077710027388e-05
-46.15,-0.648963046896908,4.86289362303394e-05
-46.1,-0.648259945004278,4.88513130235062e-05
-46.05,-0.647556843111649,4.90749151097336e-05
-46,-0.64685374121902,4.92997564965443e-05
-45.95,-0.64615063932639,4.95258514790233e-05
-45.9,-0.645447537433761,4.97532146475643e-05
-45.85,-0.644744435541131,4.99818608958357e-05
-45.8,-0.644041333648502,5.02118054289692e-05
-45.75,-0.643338231755873,5.044306377198e-05
-45.7,-0.642635129863243,5.06756517784216e-05
-45.65,-0.641932027970614,5.09095856392838e-05
-45.6,-0.641228926077985,5.11448818921385e-05
-45.55,-0.640525824185355,5.13815574305404e-05
-45.5,-0.639822722292726,5.16196295136893e-05
-45.45,-0.639119620400097,5.18591157763589e-05
-45.4,-0.638416518507467,5.21000342391024e-05
-45.35,-0.637713416614838,5.23424033187381e-05
-45.3,-0.637010314722208,5.25862418391242e-05
-45.25,-0.636307212829579,5.283156904223e-05
-45.2,-0.63560411093695,5.30784045995091e-05
-45.15,-0.63490100904432,5.33267686235848e-05
-45.1,-0.634197907151691,5.35766816802526e-05
-45.05,-0.633494805259061,5.38281648008103e-05
-45,-0.632791703366432,5.4081239494721e-05
-44.95,-0.632088601473803,5.4335927762619e-05
-44.9,-0.631385499581173,5.45922521096664e-05
-44.85,-0.630682397688544,5.4850235559268e-05
-44.8,-0.629979295795915,5.51099016671543e-05
-44.75,-0.629276193903285,5.5371274535841e-05
-44.7,-0.628573092010656,5.56343788294728e-05
-44.65,-0.627869990118026,5.58992397890622e-05
-44.6,-0.627166888225397,5.61658832481312e-05
-44.55,-0.626463786332768,5.64343356487661e-05
-44.5,-0.625760684440138,5.6704624058095e-05
-44.45,-0.625057582547509,5.69767761851964e-05
-44.4,-0.62435448065488,5.72508203984503e-05
-44.35,-0.62365137876225,5.7526785743342e-05
-44.3,-0.622948276869621,5.78047019607268e-05
-44.25,-0.622245174976992,5.80845995055673e-05
-44.2,-0.621542073084362,5.83665095661557e-05
-44.15,-0.620838971191733,5.8650464083827e-05
-44.1,-0.620135869299103,5.89364957731792e-05
-44.05,-0.619432767406474,5.92246381428084e-05
-44,-0.618729665513845,5.95149255165705e-05
-43.95,-0.618026563621215,5.9807393055382e-05
-43.9,-0.617323461728586,6.01020767795696e-05
-43.85,-0.616620359835957,6.03990135917827e-05
-43.8,-0.615917257943327,6.06982413004787e-05
-43.75,-0.615214156050698,6.09997986439931e-05
-43.7,-0.614511054158069,6.13037253152094e-05
-43.65,-0.613807952265439,6.16100619868368e-05
-43.6,-0.61310485037281,6.19188503373123e-05
-43.55,-0.61240174848018,6.22301330773377e-05
-43.5,-0.611698646587551,6.25439539770647e-05
-43.45,-0.610995544694922,6.28603578939414e-05
-43.4,-0.610292442802292,6.31793908012339e-05
-43.35,-0.609589340909663,6.35010998172352e-05
-43.3,-0.608886239017034,6.38255332351757e-05
-43.25,-0.608183137124404,6.41527405538489e-05
-43.2,-0.607480035231775,6.44827725089665e-05
-43.15,-0.606776933339145,6.48156811052548e-05
-43.1,-0.606073831446516,6.51515196493107e-05
-43.05,-0.605370729553887,6.54903427832262e-05
-43,-0.604667627661257,6.58322065190009e-05
-42.95,-0.603964525768628,6.61771682737534e-05
-42.9,-0.603261423875999,6.6525286905748e-05
-42.85,-0.602558321983369,6.68766227512512e-05
-42.8,-0.60185522009074,6.72312376622329e-05
-42.75,-0.601152118198111,6.75891950449268e-05
-42.7,-0.600449016305481,6.79505598992671e-05
-42.65,-0.599745914412852,6.83153988592131e-05
-42.6,-0.599042812520222,6.86837802339819e-05
-42.55,-0.598339710627593,6.90557740502007e-05
-42.5,-0.597636608734964,6.94314520949954e-05
-42.45,-0.596933506842334,6.98108879600335e-05
-42.4,-0.596230404949705,7.01941570865332e-05
-42.35,-0.595527303057076,7.05813368112579e-05
-42.3,-0.594824201164446,7.09725064135098e-05
-42.25,-0.594121099271817,7.13677471631398e-05
-42.2,-0.593417997379187,7.17671423695905e-05
-42.15,-0.592714895486558,7.21707774319852e-05
-42.1,-0.592011793593929,7.25787398902834e-05
-42.05,-0.591308691701299,7.29911194775156e-05
-42,-0.59060558980867,7.34080081731162e-05
-41.95,-0.589902487916041,7.38295002573671e-05
-41.9,-0.589199386023411,7.42556923669744e-05
-41.85,-0.588496284130782,7.46866835517867e-05
-41.8,-0.587793182238152,7.51225753326785e-05
-41.75,-0.587090080345523,7.556347176061e-05
-41.7,-0.586386978452894,7.60094794768822e-05
-41.65,-0.585683876560264,7.64607077746024e-05
-41.6,-0.584980774667635,7.69172686613764e-05
-41.55,-0.584277672775006,7.7379276923244e-05
-41.5,-0.583574570882376,7.78468501898728e-05
-41.45,-0.582871468989747,7.83201090010278e-05
-41.4,-0.582168367097118,7.87991768743312e-05
-41.35,-0.581465265204488,7.92841803743287e-05
-41.3,-0.580762163311859,7.97752491828784e-05
-41.25,-0.580059061419229,8.02725161708772e-05
-41.2,-0.5793559595266,8.077611747134e-05
-41.15,-0.578652857633971,8.12861925538482e-05
-41.1,-0.577949755741341,8.18028843003799e-05
-41.05,-0.577246653848712,8.23263390825404e-05
-41,-0.576543551956083,8.28567068402034e-05
-40.95,-0.575840450063453,8.33941411615813e-05
-40.9,-0.575137348170824,8.3938799364736e-05
-40.85,-0.574434246278195,8.44908425805457e-05
-40.8,-0.573731144385565,8.50504358371405e-05
-40.75,-0.573028042492936,8.56177481458209e-05
-40.7,-0.572324940600306,8.61929525884723e-05
-40.65,-0.571621838707677,8.67762264064869e-05
-40.6,-0.570918736815048,8.73677510912086e-05
-40.55,-0.570215634922418,8.79677124759089e-05
-40.5,-0.569512533029789,8.85763008293089e-05
-40.45,-0.56880943113716,8.91937109506579e-05
-40.4,-0.56810632924453,8.98201422663779e-05
-40.35,-0.567403227351901,9.0455798928287e-05
-40.3,-0.566700125459271,9.11008899134103e-05
-40.25,-0.565997023566642,9.17556291253878e-05
-40.2,-0.565293921674013,9.24202354974893e-05
-40.15,-0.564590819781383,9.30949330972449e-05
-40.1,-0.563887717888754,9.37799512326972e-05
-40.05,-0.563184615996125,9.44755245602861e-05
-40,-0.562481514103495,9.51818931943702e-05
-39.95,-0.561778412210866,9.58993028183924e-05
-39.9,-0.561075310318236,9.66280047976959e-05
-39.85,-0.560372208425607,9.73682562939939e-05
-39.8,-0.559669106532978,9.81203203815005e-05
-39.75,-0.558966004640348,9.88844661647226e-05
-39.7,-0.558262902747719,9.9660968897919e-05
-39.65,-0.55755980085509,0.000100450110106228
-39.6,-0.55685669896246,0.000101252177708465
-39.55,-0.556153597069831,0.000102067466141588
-39.5,-0.555450495177201,0.000102896276486838
-39.45,-0.554747393284572,0.000103738916597549
-39.4,-0.554044291391943,0.000104595701228617
-39.35,-0.553341189499313,0.000105466952167647
-39.3,-0.552638087606684,0.000106352998367755
-39.25,-0.551934985714055,0.000107254176082022
-39.2,-0.551231883821425,0.000108170828999614
-39.15,-0.550528781928796,0.00010910330838353
-39.1,-0.549825680036167,0.00011005197321
-39.05,-0.549122578143537,0.000111017190309508
-39,-0.548419476250908,0.000111999334509433
-38.95,-0.547716374358278,0.000112998788778302
-38.9,-0.547013272465649,0.000114015944371635
-38.85,-0.54631017057302,0.00011505120097938
-38.8,-0.54560706868039,0.000116104966874914
-38.75,-0.544903966787761,0.000117177659065601
-38.7,-0.544200864895132,0.000118269703444881
-38.65,-0.543497763002502,0.000119381534945891
-38.6,-0.542794661109873,0.000120513597696575
-38.55,-0.542091559217244,0.000121666345176282
-38.5,-0.541388457324614,0.000122840240373819
-38.45,-0.540685355431985,0.000124035755946941
-38.4,-0.539982253539355,0.000125253374383254
-38.35,-0.539279151646726,0.000126493588162495
-38.3,-0.538576049754097,0.000127756899920183
-38.25,-0.537872947861467,0.000129043822612582
-38.2,-0.537169845968838,0.00013035487968298
-38.15,-0.536466744076209,0.000131690605229222
-38.1,-0.535763642183579,0.000133051544172479
-38.05,-0.53506054029095,0.00013443825242722
-38,-0.53435743839832,0.000135851297072338
-37.95,-0.533654336505691,0.000137291256523408
-37.9,-0.532951234613062,0.000138758720706017
-37.85,-0.532248132720432,0.000140254291230153
-37.8,-0.531545030827803,0.000141778581565571
-37.75,-0.530841928935174,0.000143332217218137
-37.7,-0.530138827042544,0.000144915835907058
-37.65,-0.529435725149915,0.000146530087742985
-37.6,-0.528732623257286,0.00014817563540692
-37.55,-0.528029521364656,0.000149853154329882
-37.5,-0.527326419472027,0.00015156333287327
-37.45,-0.526623317579397,0.000153306872509885
-37.4,-0.525920215686768,0.00015508448800553
-37.35,-0.525217113794139,0.000156896907601153
-37.3,-0.524514011901509,0.00015874487319545
-37.25,-0.52381091000888,0.000160629140527882
-37.2,-0.523107808116251,0.000162550479362028
-37.15,-0.522404706223621,0.000164509673669223
-37.1,-0.521701604330992,0.000166507521812387
-37.05,-0.520998502438362,0.000168544836730009
-37,-0.520295400545733,0.000170622446120174
-36.95,-0.519592298653104,0.000172741192624598
-36.9,-0.518889196760474,0.000174901934012555
-36.85,-0.518186094867845,0.000177105543364658
-36.8,-0.517482992975216,0.000179352909256372
-36.75,-0.516779891082586,0.000181644935941215
-36.7,-0.516076789189957,0.000183982543533532
-36.65,-0.515373687297327,0.000186366668190771
-36.6,-0.514670585404698,0.000188798262295178
-36.55,-0.513967483512069,0.000191278294634794
-36.5,-0.513264381619439,0.0001938077505837
-36.45,-0.51256127972681,0.000196387632281376
-36.4,-0.511858177834181,0.000199018958811106
-36.35,-0.511155075941551,0.000201702766377323
-36.3,-0.510451974048922,0.000204440108481781
-36.25,-0.509748872156292,0.000207232056098468
-36.2,-0.509045770263663,0.000210079697847147
-36.15,-0.508342668371034,0.000212984140165426
-36.1,-0.507639566478404,0.000215946507479228
-36.05,-0.506936464585775,0.000218967942371585
-36,-0.506233362693146,0.00022204960574961
-35.95,-0.505530260800516,0.000225192677009554
-35.9,-0.504827158907887,0.000228398354199823
-35.85,-0.504124057015258,0.00023166785418184
-35.8,-0.503420955122628,0.000235002412788633
-35.75,-0.502717853229999,0.000238403284981027
-35.7,-0.50201475133737,0.000241871745001307
-35.65,-0.50131164944474,0.000245409086524256
-35.6,-0.500608547552111,0.000249016622805397
-35.55,-0.499905445659481,0.000252695686826352
-35.5,-0.499202343766852,0.000256447631437169
-35.45,-0.498499241874223,0.000260273829495477
-35.4,-0.497796139981593,0.000264175674002358
-35.35,-0.497093038088964,0.00026815457823478
-35.3,-0.496389936196334,0.000272211975874473
-35.25,-0.495686834303705,0.00027634932113309
-35.2,-0.494983732411076,0.000280568088873533
-35.15,-0.494280630518446,0.000284869774727295
-35.1,-0.493577528625817,0.000289255895207671
-35.05,-0.492874426733188,0.000293727987818706
-35,-0.492171324840558,0.000298287611159726
-34.95,-0.491468222947929,0.000302936345025315
-34.9,-0.4907651210553,0.000307675790500584
-34.85,-0.49006201916267,0.000312507570051587
-34.8,-0.489358917270041,0.000317433327610738
-34.75,-0.488655815377411,0.000322454728657078
-34.7,-0.487952713484782,0.000327573460291238
-34.65,-0.487249611592153,0.000332791231304954
-34.6,-0.486546509699523,0.000338109772244977
-34.55,-0.485843407806894,0.000343530835471225
-34.5,-0.485140305914265,0.00034905619520903
-34.45,-0.484437204021635,0.000354687647595322
-34.4,-0.483734102129006,0.000360427010718594
-34.35,-0.483031000236377,0.000366276124652499
-34.3,-0.482327898343747,0.000372236851482927
-34.25,-0.481624796451118,0.00037831107532839
-34.2,-0.480921694558488,0.000384500702353594
-34.15,-0.480218592665859,0.000390807660776002
-34.1,-0.47951549077323,0.000397233900865268
-34.05,-0.4788123888806,0.000403781394935372
-34,-0.478109286987971,0.000410452137329302
-33.95,-0.477406185095342,0.000417248144396132
-33.9,-0.476703083202712,0.000424171454460352
-33.85,-0.475999981310083,0.000431224127783272
-33.8,-0.475296879417453,0.000438408246516382
-33.75,-0.474593777524824,0.000445725914646493
-33.7,-0.473890675632195,0.000453179257932516
-33.65,-0.473187573739565,0.00046077042383373
-33.6,-0.472484471846936,0.000468501581429399
-33.55,-0.471781369954307,0.000476374921329569
-33.5,-0.471078268061677,0.000484392655576937
-33.45,-0.470375166169048,0.000492557017539604
-33.4,-0.469672064276418,0.000500870261794605
-33.35,-0.468968962383789,0.000509334664002064
-33.3,-0.46826586049116,0.000517952520769821
-33.25,-0.46756275859853,0.000526726149508423
-33.2,-0.466859656705901,0.00053565788827632
-33.15,-0.466156554813272,0.000544750095615136
-33.1,-0.465453452920642,0.000554005150374907
-33.05,-0.464750351028013,0.000563425451529127
-33,-0.464047249135384,0.000573013417979496
-32.95,-0.463344147242754,0.000582771488350245
-32.9,-0.462641045350125,0.000592702120771915
-32.85,-0.461937943457495,0.000602807792654465
-32.8,-0.461234841564866,0.000613091000449623
-32.75,-0.460531739672237,0.000623554259402327
-32.7,-0.459828637779607,0.000634200103291187
-32.65,-0.459125535886978,0.000645031084157844
-32.6,-0.458422433994349,0.000656049772025123
-32.55,-0.457719332101719,0.0006672587546039
-32.5,-0.45701623020909,0.00067866063698857
-32.45,-0.456313128316461,0.00069025804134104
-32.4,-0.455610026423831,0.000702053606563157
-32.35,-0.454906924531202,0.000714049987957488
-32.3,-0.454203822638572,0.000726249856876382
-32.25,-0.453500720745943,0.000738655900359229
-32.2,-0.452797618853314,0.000751270820757863
-32.15,-0.452094516960684,0.000764097335350037
-32.1,-0.451391415068055,0.000777138175940911
-32.05,-0.450688313175426,0.000790396088452502
-32,-0.449985211282796,0.00080387383250105
-31.95,-0.449282109390167,0.000817574180962245
-31.9,-0.448579007497537,0.000831499919524297
-31.85,-0.447875905604908,0.000845653846228793
-31.8,-0.447172803712279,0.000860038770999334
-31.75,-0.446469701819649,0.000874657515157914
-31.7,-0.44576659992702,0.000889512910929036
-31.65,-0.445063498034391,0.000904607800931551
-31.6,-0.444360396141761,0.00091994503765821
-31.55,-0.443657294249132,0.000935527482942951
-31.5,-0.442954192356502,0.000951358007415891
-31.45,-0.442251090463873,0.000967439489946081
-31.4,-0.441547988571244,0.000983774817072016
-31.35,-0.440844886678614,0.00100036688241993
-31.3,-0.440141784785985,0.00101721858610993
-31.25,-0.439438682893356,0.00103433283414997
-31.2,-0.438735581000726,0.00105171253781774
-31.15,-0.438032479108097,0.00106936061303055
-31.1,-0.437329377215467,0.00108727997970321
-31.05,-0.436626275322838,0.00110547356109398
-31,-0.435923173430209,0.00112394428313873
-30.95,-0.435220071537579,0.00114269507377332
-30.9,-0.43451696964495,0.00116172886224436
-30.85,-0.433813867752321,0.00118104857840831
-30.8,-0.433110765859691,0.0012006571520192
-30.75,-0.432407663967062,0.001220557512005
-30.7,-0.431704562074433,0.00124075258573267
-30.65,-0.431001460181803,0.00126124529826218
-30.6,-0.430298358289174,0.00128203857158955
-30.55,-0.429595256396544,0.00130313532387898
-30.5,-0.428892154503915,0.00132453846868438
-30.45,-0.428189052611286,0.00134625091416031
-30.4,-0.427485950718656,0.00136827556226262
-30.35,-0.426782848826027,0.00139061491491596
-30.3,-0.426079746933398,0.00141327185592982
-30.25,-0.425376645040768,0.00143624926044831
-30.2,-0.424673543148139,0.00145954999411132
-30.15,-0.423970441255509,0.00148317691220611
-30.1,-0.42326733936288,0.00150713285880981
-30.05,-0.422564237470251,0.00153142066592276
-30,-0.421861135577621,0.00155604315259323
-29.95,-0.421158033684992,0.00158100312403344
-29.9,-0.420454931792363,0.00160630337072738
-29.85,-0.419751829899733,0.00163194666753054
-29.8,-0.419048728007104,0.00165793577276176
-29.75,-0.418345626114475,0.00168427342728766
-29.7,-0.417642524221845,0.00171096235359972
-29.65,-0.416939422329216,0.00173800525488437
-29.6,-0.416236320436586,0.00176540481408642
-29.55,-0.415533218543957,0.00179316369296602
-29.5,-0.414830116651328,0.00182128453114952
-29.45,-0.414127014758698,0.00184976994517456
-29.4,-0.413423912866069,0.00187862252752962
-29.35,-0.41272081097344,0.00190784484568847
-29.3,-0.41201770908081,0.00193743944113964
-29.25,-0.411314607188181,0.00196740882841157
-29.2,-0.410611505295552,0.00199775549409345
-29.15,-0.409908403402922,0.00202848189585232
-29.1,-0.409205301510293,0.00205959046144668
-29.05,-0.408502199617663,0.00209108358773702
-29,-0.407799097725034,0.00212296363969362
-28.95,-0.407095995832405,0.002155232949402
-28.9,-0.406392893939775,0.00218789381506635
-28.85,-0.405689792047146,0.00222094850001149
-28.8,-0.404986690154516,0.00225439923168349
-28.75,-0.404283588261887,0.00228824820064959
-28.7,-0.403580486369258,0.00232249755959773
-28.65,-0.402877384476628,0.00235714942233601
-28.6,-0.402174282583999,0.00239220586279268
-28.55,-0.40147118069137,0.00242766891401691
-28.5,-0.40076807879874,0.00246354056718086
-28.45,-0.400064976906111,0.00249982277058344
-28.4,-0.399361875013482,0.00253651742865619
-28.35,-0.398658773120852,0.00257362640097177
-28.3,-0.397955671228223,0.00261115150125538
-28.25,-0.397252569335593,0.00264909449639971
-28.2,-0.396549467442964,0.00268745710548373
-28.15,-0.395846365550335,0.00272624099879587
-28.1,-0.395143263657705,0.00276544779686198
-28.05,-0.394440161765076,0.00280507906947853
-28,-0.393737059872447,0.00284513633475159
-27.95,-0.393033957979817,0.00288562105814193
-27.9,-0.392330856087188,0.00292653465151679
-27.85,-0.391627754194559,0.00296787847220877
-27.8,-0.390924652301929,0.00300965382208229
-27.75,-0.3902215504093,0.00305186194660804
-27.7,-0.38951844851667,0.00309450403394609
-27.65,-0.388815346624041,0.00313758121403781
-27.6,-0.388112244731412,0.00318109455770739
-27.55,-0.387409142838782,0.00322504507577323
-27.5,-0.386706040946153,0.00326943371816972
-27.45,-0.386002939053524,0.00331426137307992
-27.4,-0.385299837160894,0.00335952886607962
-27.35,-0.384596735268265,0.00340523695929311
-27.3,-0.383893633375635,0.00345138635056139
-27.25,-0.383190531483006,0.00349797767262295
-27.2,-0.382487429590377,0.00354501149230797
-27.15,-0.381784327697747,0.00359248830974606
-27.1,-0.381081225805118,0.00364040855758818
-27.05,-0.380378123912489,0.00368877260024323
-27,-0.379675022019859,0.00373758073312964
-26.95,-0.37897192012723,0.0037868331819425
-26.9,-0.378268818234601,0.00383653049495949
-26.85,-0.377565716341971,0.00388667275960482
-26.8,-0.376862614449342,0.00393725999148631
-26.75,-0.376159512556712,0.00398829213372889
-26.7,-0.375456410664083,0.00403976905632586
-26.65,-0.374753308771454,0.00409169055550836
-26.6,-0.374050206878824,0.00414405635313328
-26.55,-0.373347104986195,0.00419686609609035
-26.5,-0.372644003093566,0.00425011935572861
-26.45,-0.371940901200936,0.00430381562730264
-26.4,-0.371237799308307,0.00435795432943913
-26.35,-0.370534697415677,0.00441253480362401
-26.3,-0.369831595523048,0.00446755631371066
-26.25,-0.369128493630419,0.00452301804544943
-26.2,-0.368425391737789,0.00457891910603909
-26.15,-0.36772228984516,0.00463525852370024
-26.1,-0.367019187952531,0.00469203524727138
-26.05,-0.366316086059901,0.0047492481458277
-26,-0.365612984167272,0.00480689600832318
-25.95,-0.364909882274642,0.00486497754325617
-25.9,-0.364206780382013,0.00492349137835873
-25.85,-0.363503678489384,0.00498243606031031
-25.8,-0.362800576596754,0.00504181005447579
-25.75,-0.362097474704125,0.00510161174466824
-25.7,-0.361394372811496,0.00516183943293688
-25.65,-0.360691270918866,0.00522249133938023
-25.6,-0.359988169026237,0.00528356560198492
-25.55,-0.359285067133608,0.00534506027649032
-25.5,-0.358581965240978,0.00540697333627926
-25.45,-0.357878863348349,0.00546930267229509
-25.4,-0.357175761455719,0.00553204609298525
-25.35,-0.35647265956309,0.00559520132427158
-25.3,-0.355769557670461,0.00565876600954767
-25.25,-0.355066455777831,0.00572273770970317
-25.2,-0.354363353885202,0.00578711390317557
-25.15,-0.353660251992573,0.00585189198602937
-25.1,-0.352957150099943,0.00591706927206281
-25.05,-0.352254048207314,0.00598264299294246
-25,-0.351550946314685,0.00604861029836562
-24.95,-0.350847844422055,0.00611496825625068
-24.9,-0.350144742529426,0.00618171385295553
-24.85,-0.349441640636796,0.00624884399352429
-24.8,-0.348738538744167,0.00631635550196204
-24.75,-0.348035436851538,0.00638424512153798
-24.7,-0.347332334958908,0.00645250951511686
-24.65,-0.346629233066279,0.00652114526551884
-24.6,-0.34592613117365,0.00659014887590757
-24.55,-0.34522302928102,0.00665951677020677
-24.5,-0.344519927388391,0.00672924529354512
-24.45,-0.343816825495761,0.00679933071272944
-24.4,-0.343113723603132,0.00686976921674626
-24.35,-0.342410621710503,0.00694055691729146
-24.3,-0.341707519817873,0.00701168984932825
-24.25,-0.341004417925244,0.00708316397167304
-24.2,-0.340301316032615,0.00715497516760946
-24.15,-0.339598214139985,0.00722711924553009
-24.1,-0.338895112247356,0.00729959193960606
-24.05,-0.338192010354726,0.00737238891048411
-24,-0.337488908462097,0.0074455057460112
-23.95,-0.336785806569468,0.00751893796198634
-23.9,-0.336082704676838,0.00759268100293944
-23.85,-0.335379602784209,0.00766673024293718
-23.8,-0.33467650089158,0.0077410809864154
-23.75,-0.33397339899895,0.00781572846903804
-23.7,-0.333270297106321,0.00789066785858221
-23.65,-0.332567195213692,0.00796589425584927
-23.6,-0.331864093321062,0.00804140269560151
-23.55,-0.331160991428433,0.00811718814752425
-23.5,-0.330457889535803,0.00819324551721308
-23.45,-0.329754787643174,0.00826956964718583
-23.4,-0.329051685750545,0.00834615531791901
-23.35,-0.328348583857915,0.00842299724890837
-23.3,-0.327645481965286,0.00850009009975325
-23.25,-0.326942380072657,0.00857742847126437
-23.2,-0.326239278180027,0.00865500690659453
-23.15,-0.325536176287398,0.00873281989239213
-23.1,-0.324833074394768,0.00881086185997677
-23.05,-0.324129972502139,0.00888912718653682
-23,-0.32342687060951,0.00896761019634829
-22.95,-0.32272376871688,0.00904630516201468
-22.9,-0.322020666824251,0.00912520630572744
-22.85,-0.321317564931622,0.00920430780054637
-22.8,-0.320614463038992,0.00928360377169967
-22.75,-0.319911361146363,0.00936308829790307
-22.7,-0.319208259253734,0.00944275541269764
-22.65,-0.318505157361104,0.00952259910580553
-22.6,-0.317802055468475,0.00960261332450351
-22.55,-0.317098953575845,0.00968279197501347
-22.5,-0.316395851683216,0.00976312892390941
-22.45,-0.315692749790587,0.00984361799954058
-22.4,-0.314989647897957,0.00992425299346986
-22.35,-0.314286546005328,0.0100050276619272
-22.3,-0.313583444112699,0.0100859357272772
-22.25,-0.312880342220069,0.0101669708795005
-22.2,-0.31217724032744,0.0102481267776886
-22.15,-0.31147413843481,0.0103293970515505
-22.1,-0.310771036542181,0.0104107753029321
-22.05,-0.310067934649552,0.0104922551073466
-22,-0.309364832756922,0.0105738300155153
-21.95,-0.308661730864293,0.0106554935549193
-21.9,-0.307958628971664,0.0107372392313599
-21.85,-0.307255527079034,0.0108190605305284
-21.8,-0.306552425186405,0.0109009509195839
-21.75,-0.305849323293776,0.0109829038487386
-21.7,-0.305146221401146,0.0110649127528503
-21.65,-0.304443119508517,0.0111469710530208
-21.6,-0.303740017615887,0.0112290721582006
-21.55,-0.303036915723258,0.0113112094667978
-21.5,-0.302333813830629,0.0113933763682918
-21.45,-0.301630711937999,0.0114755662448505
-21.4,-0.30092761004537,0.0115577724729508
-21.35,-0.300224508152741,0.0116399884250007
-21.3,-0.299521406260111,0.0117222074709643
-21.25,-0.298818304367482,0.0118044229799861
-21.2,-0.298115202474852,0.0118866283220177
-21.15,-0.297412100582223,0.011968816869442
-21.1,-0.296708998689594,0.0120509819986983
-21.05,-0.296005896796964,0.0121331170919044
-21,-0.295302794904335,0.0122152155384771
-20.95,-0.294599693011706,0.0122972707367493
-20.9,-0.293896591119076,0.012379276095584
-20.85,-0.293193489226447,0.012461225035983
-20.8,-0.292490387333817,0.0125431109926916
-20.75,-0.291787285441188,0.0126249274157974
-20.7,-0.291084183548559,0.0127066677723222
-20.65,-0.290381081655929,0.0127883255478078
-20.6,-0.2896779797633,0.012869894247894
-20.55,-0.288974877870671,0.0129513673998878
-20.5,-0.288271775978041,0.0130327385543246
-20.45,-0.287568674085412,0.0131140012865194
-20.4,-0.286865572192783,0.0131951491981077
-20.35,-0.286162470300153,0.0132761759185765
-20.3,-0.285459368407524,0.0133570751067829
-20.25,-0.284756266514894,0.0134378404524617
-20.2,-0.284053164622265,0.0135184656777196
-20.15,-0.283350062729636,0.013598944538517
-20.1,-0.282646960837006,0.0136792708261358
-20.05,-0.281943858944377,0.0137594383686322
-20,-0.281240757051748,0.0138394410322761
-19.95,-0.280537655159118,0.0139192727229738
-19.9,-0.279834553266489,0.0139989273876752
-19.85,-0.279131451373859,0.0140783990157641
-19.8,-0.27842834948123,0.0141576816404324
-19.75,-0.277725247588601,0.0142367693400356
-19.7,-0.277022145695971,0.0143156562394305
-19.65,-0.276319043803342,0.014394336511295
-19.6,-0.275615941910713,0.0144728043774277
-19.55,-0.274912840018083,0.0145510541100287
-19.5,-0.274209738125454,0.0146290800329602
-19.45,-0.273506636232825,0.0147068765229863
-19.4,-0.272803534340195,0.0147844380109921
-19.35,-0.272100432447566,0.0148617589831812
-19.3,-0.271397330554936,0.0149388339822518
-19.25,-0.270694228662307,0.01501565760855
-19.2,-0.269991126769678,0.0150922245212006
-19.15,-0.269288024877048,0.0151685294392155
-19.1,-0.268584922984419,0.0152445671425775
-19.05,-0.26788182109179,0.0153203324733014
-19,-0.26717871919916,0.0153958203364707
-18.95,-0.266475617306531,0.0154710257012494
-18.9,-0.265772515413901,0.0155459436018692
-18.85,-0.265069413521272,0.0156205691385926
-18.8,-0.264366311628643,0.0156948974786485
-18.75,-0.263663209736013,0.0157689238571445
-18.7,-0.262960107843384,0.0158426435779517
-18.65,-0.262257005950755,0.0159160520145634
-18.6,-0.261553904058125,0.0159891446109283
-18.55,-0.260850802165496,0.0160619168822561
-18.5,-0.260147700272867,0.0161343644157968
-18.45,-0.259444598380237,0.0162064828715922
-18.4,-0.258741496487608,0.0162782679832011
-18.35,-0.258038394594978,0.0163497155583965
-18.3,-0.257335292702349,0.016420821479835
-18.25,-0.25663219080972,0.016491581705699
-18.2,-0.25592908891709,0.0165619922703109
-18.15,-0.255225987024461,0.0166320492847189
-18.1,-0.254522885131832,0.0167017489372552
-18.05,-0.253819783239202,0.0167710874940659
-18,-0.253116681346573,0.0168400612996126
-17.95,-0.252413579453943,0.0169086667771459
-17.9,-0.251710477561314,0.0169769004291504
-17.85,-0.251007375668685,0.0170447588377612
-17.8,-0.250304273776055,0.0171122386651524
-17.75,-0.249601171883426,0.0171793366538972
-17.7,-0.248898069990797,0.0172460496272991
-17.65,-0.248194968098167,0.0173123744896956
-17.6,-0.247491866205538,0.0173783082267329
-17.55,-0.246788764312908,0.0174438479056127
-17.5,-0.246085662420279,0.0175089906753112
-17.45,-0.24538256052765,0.0175737337667689
-17.4,-0.24467945863502,0.0176380744930538
-17.35,-0.243976356742391,0.017702010249496
-17.3,-0.243273254849762,0.0177655385137941
-17.25,-0.242570152957132,0.0178286568460954
-17.2,-0.241867051064503,0.0178913628890469
-17.15,-0.241163949171874,0.0179536543678204
-17.1,-0.240460847279244,0.0180155290901099
-17.05,-0.239757745386615,0.0180769849461018
-17,-0.239054643493985,0.0181380199084187
-16.95,-0.238351541601356,0.0181986320320369
-16.9,-0.237648439708727,0.0182588194541769
-16.85,-0.236945337816097,0.0183185803941683
-16.8,-0.236242235923468,0.0183779131532888
-16.75,-0.235539134030839,0.0184368161145775
-16.7,-0.234836032138209,0.0184952877426228
-16.65,-0.23413293024558,0.0185533265833256
-16.6,-0.233429828352951,0.0186109312636373
-16.55,-0.232726726460321,0.0186681004912734
-16.5,-0.232023624567692,0.0187248330544035
-16.45,-0.231320522675062,0.0187811278213166
-16.4,-0.230617420782433,0.0188369837400632
-16.35,-0.229914318889804,0.0188923998380748
-16.3,-0.229211216997174,0.0189473752217595
-16.25,-0.228508115104545,0.0190019090760758
-16.2,-0.227805013211916,0.019056000664084
-16.15,-0.227101911319286,0.0191096493264761
-16.1,-0.226398809426657,0.0191628544810841
-16.05,-0.225695707534027,0.0192156156223666
-16,-0.224992605641398,0.0192679323208765
-15.95,-0.224289503748769,0.0193198042227065
-15.9,-0.223586401856139,0.0193712310489162
-15.85,-0.22288329996351,0.0194222125949386
-15.8,-0.222180198070881,0.0194727487299691
-15.75,-0.221477096178251,0.0195228393963342
-15.7,-0.220773994285622,0.0195724846088432
-15.65,-0.220070892392992,0.0196216844541217
-15.6,-0.219367790500363,0.019670439089928
-15.55,-0.218664688607734,0.0197187487444524
-15.5,-0.217961586715104,0.0197666137156001
-15.45,-0.217258484822475,0.0198140343702587
-15.4,-0.216555382929846,0.019861011143549
-15.35,-0.215852281037216,0.0199075445380619
-15.3,-0.215149179144587,0.0199536351230801
-15.25,-0.214446077251958,0.0199992835337856
-15.2,-0.213742975359328,0.0200444904704542
-15.15,-0.213039873466699,0.0200892566976354
-15.1,-0.212336771574069,0.0201335830433211
-15.05,-0.21163366968144,0.0201774703981011
-15,-0.210930567788811,0.0202209197143068
-14.95,-0.210227465896181,0.0202639320051439
-14.9,-0.209524364003552,0.0203065083438139
-14.85,-0.208821262110923,0.0203486498626256
-14.8,-0.208118160218293,0.0203903577520963
-14.75,-0.207415058325664,0.0204316332600434
-14.7,-0.206711956433034,0.0204724776906677
-14.65,-0.206008854540405,0.0205128924036274
-14.6,-0.205305752647776,0.0205528788131043
-14.55,-0.204602650755146,0.020592438386863
-14.5,-0.203899548862517,0.0206315726453021
-14.45,-0.203196446969888,0.0206702831604992
-14.4,-0.202493345077258,0.0207085715552497
-14.35,-0.201790243184629,0.0207464395020998
-14.3,-0.201087141292,0.0207838887223744
-14.25,-0.20038403939937,0.0208209209852
-14.2,-0.199680937506741,0.0208575381065232
-14.15,-0.198977835614111,0.0208937419481257
-14.1,-0.198274733721482,0.0209295344166352
-14.05,-0.197571631828853,0.020964917462534
-14,-0.196868529936223,0.0209998930791646
-13.95,-0.196165428043594,0.0210344633017329
-13.9,-0.195462326150965,0.0210686302063107
-13.85,-0.194759224258335,0.0211023959088357
-13.8,-0.194056122365706,0.0211357625641116
-13.75,-0.193353020473076,0.0211687323648072
-13.7,-0.192649918580447,0.0212013075404558
-13.65,-0.191946816687818,0.0212334903564546
-13.6,-0.191243714795188,0.0212652831130657
-13.55,-0.190540612902559,0.0212966881444172
-13.5,-0.18983751100993,0.0213277078175068
-13.45,-0.1891344091173,0.0213583445312069
-13.4,-0.188431307224671,0.021388600715272
-13.35,-0.187728205332042,0.0214184788293493
-13.3,-0.187025103439412,0.0214479813619919
-13.25,-0.186322001546783,0.0214771108296756
-13.2,-0.185618899654153,0.0215058697758196
-13.15,-0.184915797761524,0.0215342607698115
-13.1,-0.184212695868895,0.0215622864060361
-13.05,-0.183509593976265,0.0215899493029103
-13,-0.182806492083636,0.0216172521019216
-12.95,-0.182103390191007,0.0216441974666736
-12.9,-0.181400288298377,0.0216707880819361
-12.85,-0.180697186405748,0.0216970266527023
-12.8,-0.179994084513118,0.0217229159032515
-12.75,-0.179290982620489,0.0217484585762191
-12.7,-0.17858788072786,0.0217736574316735
-12.65,-0.17788477883523,0.0217985152462003
-12.6,-0.177181676942601,0.0218230348119937
-12.55,-0.176478575049972,0.0218472189359559
-12.5,-0.175775473157342,0.021871070438805
-12.45,-0.175072371264713,0.0218945921541904
-12.4,-0.174369269372083,0.0219177869278174
-12.35,-0.173666167479454,0.0219406576165802
-12.3,-0.172963065586825,0.0219632070877043
-12.25,-0.172259963694195,0.0219854382178974
-12.2,-0.171556861801566,0.0220073538925108
-12.15,-0.170853759908937,0.0220289570047092
-12.1,-0.170150658016307,0.0220502504546518
-12.05,-0.169447556123678,0.0220712371486815
-12,-0.168744454231049,0.0220919199985264
-11.95,-0.168041352338419,0.0221123019205101
-11.9,-0.16733825044579,0.0221323858347732
-11.85,-0.16663514855316,0.0221521746645054
-11.8,-0.165932046660531,0.0221716713351883
-11.75,-0.165228944767902,0.0221908787738494
-11.7,-0.164525842875272,0.0222097999083271
-11.65,-0.163822740982643,0.0222284376665467
-11.6,-0.163119639090014,0.0222467949758081
-11.55,-0.162416537197384,0.0222648747620849
-11.5,-0.161713435304755,0.022282679949335
-11.45,-0.161010333412125,0.0223002134588226
-11.4,-0.160307231519496,0.0223174782084524
-11.35,-0.159604129626867,0.0223344771121156
-11.3,-0.158901027734237,0.0223512130790474
-11.25,-0.158197925841608,0.0223676890131965
-11.2,-0.157494823948979,0.0223839078126074
-11.15,-0.156791722056349,0.0223998723688139
-11.1,-0.15608862016372,0.022415585566245
-11.05,-0.155385518271091,0.0224310502816434
-11,-0.154682416378461,0.0224462693834954
-10.95,-0.153979314485832,0.0224612457314737
-10.9,-0.153276212593202,0.0224759821758923
-10.85,-0.152573110700573,0.0224904815571736
-10.8,-0.151870008807944,0.0225047467053276
-10.75,-0.151166906915314,0.0225187804394437
-10.7,-0.150463805022685,0.0225325855671948
-10.65,-0.149760703130056,0.0225461648843531
-10.6,-0.149057601237426,0.0225595211743188
-10.55,-0.148354499344797,0.0225726572076609
-10.5,-0.147651397452167,0.0225855757416697
-10.45,-0.146948295559538,0.0225982795199222
-10.4,-0.146245193666909,0.022610771271859
-10.35,-0.145542091774279,0.0226230537123738
-10.3,-0.14483898988165,0.0226351295414143
-10.25,-0.144135887989021,0.0226470014435958
-10.2,-0.143432786096391,0.0226586720878265
-10.15,-0.142729684203762,0.0226701441269439
-10.1,-0.142026582311132,0.0226814201973643
-10.05,-0.141323480418503,0.0226925029187431
-10,-0.140620378525874,0.0227033948936468
-9.95,-0.139917276633244,0.0227140987072372
-9.9,-0.139214174740615,0.0227246169269663
-9.84999999999999,-0.138511072847986,0.0227349521022828
-9.8,-0.137807970955356,0.0227451067643504
-9.75,-0.137104869062727,0.0227550834257765
-9.7,-0.136401767170098,0.0227648845803528
-9.65,-0.135698665277468,0.0227745127028059
-9.59999999999999,-0.134995563384839,0.0227839702485601
-9.55,-0.134292461492209,0.0227932596535096
-9.5,-0.13358935959958,0.0228023833338023
-9.45,-0.132886257706951,0.0228113436856338
-9.4,-0.132183155814321,0.0228201430850518
-9.34999999999999,-0.131480053921692,0.0228287838877708
-9.3,-0.130776952029063,0.0228372684289971
-9.25,-0.130073850136433,0.0228455990232638
-9.2,-0.129370748243804,0.0228537779642754
-9.15,-0.128667646351175,0.022861807524763
-9.09999999999999,-0.127964544458545,0.0228696899563479
-9.05,-0.127261442565916,0.0228774274894159
-9,-0.126558340673286,0.0228850223330004
-8.95,-0.125855238780657,0.0228924766746744
-8.9,-0.125152136888028,0.0228997926804526
-8.84999999999999,-0.124449034995398,0.0229069724947014
-8.8,-0.123745933102769,0.0229140182400584
-8.75,-0.12304283121014,0.0229209320173599
-8.7,-0.12233972931751,0.0229277159055775
-8.65,-0.121636627424881,0.022934371961763
-8.59999999999999,-0.120933525532251,0.022940902221001
-8.55,-0.120230423639622,0.02294730869637
-8.5,-0.119527321746993,0.0229535933789115
-8.45,-0.118824219854363,0.0229597582376062
-8.4,-0.118121117961734,0.0229658052193584
-8.34999999999999,-0.117418016069105,0.022971736248988
-8.3,-0.116714914176475,0.0229775532292288
-8.25,-0.116011812283846,0.022983258040735
-8.2,-0.115308710391216,0.0229888525420944
-8.15,-0.114605608498587,0.0229943385698475
-8.09999999999999,-0.113902506605958,0.0229997179385152
-8.05,-0.113199404713328,0.0230049924406306
-8,-0.112496302820699,0.0230101638467794
-7.95,-0.11179320092807,0.0230152339056449
-7.9,-0.11109009903544,0.02302020434406
-7.84999999999999,-0.110386997142811,0.0230250768670644
-7.8,-0.109683895250182,0.0230298531579684
-7.75,-0.108980793357552,0.0230345348784212
-7.7,-0.108277691464923,0.0230391236684855
-7.65,-0.107574589572293,0.0230436211467172
-7.59999999999999,-0.106871487679664,0.0230480289102499
-7.55,-0.106168385787035,0.0230523485348848
-7.5,-0.105465283894405,0.023056581575185
-7.45,-0.104762182001776,0.0230607295645749
-7.4,-0.104059080109147,0.0230647940154442
-7.34999999999999,-0.103355978216517,0.0230687764192556
-7.3,-0.102652876323888,0.0230726782466574
-7.25,-0.101949774431259,0.0230765009476001
-7.2,-0.101246672538629,0.0230802459514569
-7.15,-0.100543570646,0.0230839146671479
-7.09999999999999,-0.0998404687533703,0.0230875084832679
-7.05,-0.099137366860741,0.0230910287682184
-7,-0.0984342649681117,0.0230944768703421
-6.95,-0.0977311630754822,0.0230978541180613
-6.9,-0.0970280611828529,0.0231011618200191
-6.84999999999999,-0.0963249592902235,0.023104401265224
-6.8,-0.0956218573975941,0.0231075737231966
-6.75,-0.0949187555049648,0.0231106804441203
-6.7,-0.0942156536123354,0.023113722658993
-6.65,-0.0935125517197061,0.023116701579783
-6.59999999999999,-0.0928094498270766,0.0231196183995857
-6.55,-0.0921063479344473,0.0231224742927837
-6.5,-0.091403246041818,0.0231252704152086
-6.45,-0.0907001441491885,0.0231280079043046
-6.4,-0.0899970422565592,0.0231306878792941
-6.34999999999999,-0.0892939403639298,0.0231333114413454
-6.3,-0.0885908384713005,0.0231358796737417
-6.25,-0.0878877365786711,0.0231383936420518
-6.2,-0.0871846346860417,0.023140854394302
-6.15,-0.0864815327934124,0.0231432629611498
-6.09999999999999,-0.0857784309007829,0.0231456203560582
-6.05,-0.0850753290081536,0.023147927575472
-6,-0.0843722271155243,0.023150185598994
-5.95,-0.0836691252228949,0.0231523953895629
-5.9,-0.0829660233302655,0.023154557893632
-5.84999999999999,-0.0822629214376361,0.0231566740413482
-5.8,-0.0815598195450068,0.023158744746732
-5.75,-0.0808567176523774,0.023160770907858
-5.7,-0.080153615759748,0.0231627534070354
-5.65,-0.0794505138671187,0.0231646931109896
-5.59999999999999,-0.0787474119744892,0.0231665908710436
-5.55,-0.0780443100818599,0.0231684475232995
-5.5,-0.0773412081892306,0.0231702638888203
-5.45,-0.0766381062966012,0.0231720407738121
-5.4,-0.0759350044039718,0.0231737789698054
-5.34999999999999,-0.0752319025113424,0.0231754792538368
-5.3,-0.0745288006187131,0.0231771423886307
-5.25,-0.0738256987260837,0.0231787691227802
-5.2,-0.0731225968334543,0.023180360190928
-5.15,-0.072419494940825,0.0231819163139466
-5.09999999999999,-0.0717163930481956,0.0231834381991185
-5.05,-0.0710132911555662,0.0231849265403156
-5,-0.0703101892629369,0.0231863820181772
-4.95,-0.0696070873703075,0.0231878053002892
-4.9,-0.0689039854776781,0.0231891970413606
-4.84999999999999,-0.0682008835850487,0.0231905578834002
-4.8,-0.0674977816924194,0.0231918884558925
-4.75,-0.06679467979979,0.0231931893759724
-4.7,-0.0660915779071606,0.023194461248599
-4.65,-0.0653884760145313,0.0231957046667284
-4.59999999999999,-0.0646853741219019,0.0231969202114855
-4.55,-0.0639822722292725,0.0231981084523349
-4.5,-0.0632791703366432,0.0231992699472498
-4.45,-0.0625760684440138,0.0232004052428811
-4.4,-0.0618729665513845,0.0232015148747241
-4.34999999999999,-0.061169864658755,0.0232025993672842
-4.3,-0.0604667627661257,0.0232036592342415
-4.25,-0.0597636608734964,0.023204694978614
-4.2,-0.0590605589808669,0.0232057070929195
-4.15,-0.0583574570882376,0.0232066960593355
-4.09999999999999,-0.0576543551956082,0.0232076623498582
-4.05,-0.0569512533029789,0.02320860642646
-4,-0.0562481514103495,0.0232095287412455
-3.95,-0.0555450495177201,0.0232104297366049
-3.9,-0.0548419476250908,0.0232113098453679
-3.84999999999999,-0.0541388457324613,0.0232121694909537
-3.8,-0.053435743839832,0.0232130090875211
-3.75,-0.0527326419472027,0.0232138290401159
-3.7,-0.0520295400545732,0.0232146297448173
-3.65,-0.0513264381619439,0.0232154115888819
-3.59999999999999,-0.0506233362693145,0.0232161749508865
-3.55,-0.0499202343766852,0.0232169202008692
-3.5,-0.0492171324840558,0.0232176477004681
-3.45,-0.0485140305914264,0.0232183578030589
-3.4,-0.0478109286987971,0.0232190508538902
-3.34999999999999,-0.0471078268061676,0.0232197271902177
-3.3,-0.0464047249135383,0.0232203871414353
-3.25,-0.045701623020909,0.0232210310292058
-3.2,-0.0449985211282796,0.0232216591675886
-3.15,-0.0442954192356502,0.0232222718631662
-3.09999999999999,-0.0435923173430208,0.0232228694151684
-3.05,-0.0428892154503915,0.0232234521155951
-3,-0.0421861135577621,0.0232240202493364
-2.95,-0.0414830116651327,0.0232245740942919
-2.9,-0.0407799097725034,0.0232251139214867
-2.84999999999999,-0.040076807879874,0.0232256399951868
-2.8,-0.0393737059872446,0.0232261525730116
-2.75,-0.0386706040946153,0.0232266519060452
-2.7,-0.0379675022019859,0.0232271382389448
-2.65,-0.0372644003093565,0.0232276118100485
-2.59999999999999,-0.0365612984167271,0.0232280728514794
-2.55,-0.0358581965240978,0.0232285215892498
-2.5,-0.0351550946314685,0.0232289582433611
-2.45,-0.034451992738839,0.0232293830279042
-2.4,-0.0337488908462097,0.0232297961511558
-2.34999999999999,-0.0330457889535803,0.0232301978156738
-2.3,-0.0323426870609509,0.0232305882183911
-2.25,-0.0316395851683216,0.0232309675507059
-2.2,-0.0309364832756922,0.023231335998572
-2.15,-0.0302333813830628,0.0232316937425855
-2.09999999999999,-0.0295302794904334,0.0232320409580702
-2.05,-0.0288271775978041,0.0232323778151613
-2,-0.0281240757051748,0.0232327044788864
-1.95,-0.0274209738125453,0.0232330211092454
-1.9,-0.026717871919916,0.0232333278612874
-1.84999999999999,-0.0260147700272866,0.0232336248851867
-1.8,-0.0253116681346572,0.0232339123263162
-1.75,-0.0246085662420279,0.0232341903253188
-1.7,-0.0239054643493985,0.023234459018177
-1.65,-0.0232023624567692,0.023234718536281
-1.59999999999999,-0.0224992605641397,0.0232349690064939
-1.55,-0.0217961586715104,0.0232352105512154
-1.5,-0.0210930567788811,0.0232354432884443
-1.45,-0.0203899548862516,0.0232356673318374
-1.4,-0.0196868529936223,0.0232358827907683
-1.34999999999999,-0.0189837511009929,0.0232360897703825
-1.3,-0.0182806492083636,0.0232362883716523
-1.25,-0.0175775473157342,0.0232364786914281
-1.2,-0.0168744454231048,0.0232366608224892
-1.15,-0.0161713435304755,0.0232368348535916
-1.09999999999999,-0.015468241637846,0.0232370008695147
-1.05,-0.0147651397452167,0.0232371589511054
-1,-0.0140620378525874,0.0232373091753205
-0.949999999999996,-0.013358935959958,0.0232374516152678
-0.899999999999999,-0.0126558340673286,0.023237586340244
-0.849999999999994,-0.0119527321746992,0.0232377134157722
-0.799999999999997,-0.0112496302820699,0.0232378329036362
-0.75,-0.0105465283894405,0.0232379448619138
-0.699999999999996,-0.00984342649681111,0.0232380493450074
-0.649999999999999,-0.00914032460418178,0.0232381464036737
-0.599999999999994,-0.00843722271155235,0.0232382360850506
-0.549999999999997,-0.00773412081892302,0.0232383184326827
-0.5,-0.00703101892629369,0.0232383934865447
-0.449999999999996,-0.00632791703366426,0.0232384612830631
-0.399999999999999,-0.00562481514103493,0.0232385218551356
-0.349999999999994,-0.0049217132484055,0.0232385752321495
-0.299999999999997,-0.00421861135577617,0.023238621439997
-0.25,-0.00351550946314685,0.0232386605010897
-0.199999999999996,-0.00281240757051742,0.0232386924343707
-0.149999999999999,-0.00210930567788809,0.0232387172553247
-0.0999999999999943,-0.00140620378525866,0.0232387349759869
-0.0499999999999972,-0.000703101892629329,0.0232387456049487
0,0,0.0232387491473635
0.0499999999999972,0.000703101892629329,0.0232387456049487
0.0999999999999943,0.00140620378525866,0.0232387349759869
0.149999999999999,0.00210930567788809,0.0232387172553248
0.199999999999996,0.00281240757051742,0.0232386924343707
0.25,0.00351550946314685,0.0232386605010897
0.299999999999997,0.00421861135577617,0.023238621439997
0.349999999999994,0.0049217132484055,0.0232385752321495
0.399999999999999,0.00562481514103493,0.0232385218551356
0.449999999999996,0.00632791703366426,0.0232384612830631
0.5,0.00703101892629369,0.0232383934865447
0.549999999999997,0.00773412081892302,0.0232383184326827
0.599999999999994,0.00843722271155235,0.0232382360850506
0.649999999999999,0.00914032460418178,0.0232381464036737
0.699999999999996,0.00984342649681111,0.0232380493450074
0.75,0.0105465283894405,0.0232379448619138
0.799999999999997,0.0112496302820699,0.0232378329036362
0.849999999999994,0.0119527321746992,0.0232377134157722
0.899999999999999,0.0126558340673286,0.023237586340244
0.949999999999996,0.013358935959958,0.0232374516152678
1,0.0140620378525874,0.0232373091753205
1.05,0.0147651397452167,0.0232371589511054
1.09999999999999,0.015468241637846,0.0232370008695147
1.15,0.0161713435304755,0.0232368348535916
1.2,0.0168744454231048,0.0232366608224892
1.25,0.0175775473157342,0.0232364786914281
1.3,0.0182806492083636,0.0232362883716523
1.34999999999999,0.0189837511009929,0.0232360897703825
1.4,0.0196868529936223,0.0232358827907683
1.45,0.0203899548862516,0.0232356673318374
1.5,0.0210930567788811,0.0232354432884443
1.55,0.0217961586715104,0.0232352105512154
1.59999999999999,0.0224992605641397,0.0232349690064939
1.65,0.0232023624567692,0.023234718536281
1.7,0.0239054643493985,0.023234459018177
1.75,0.0246085662420279,0.0232341903253188
1.8,0.0253116681346572,0.0232339123263162
1.84999999999999,0.0260147700272866,0.0232336248851867
1.9,0.026717871919916,0.0232333278612874
1.95,0.0274209738125453,0.0232330211092454
2,0.0281240757051748,0.0232327044788864
2.05,0.0288271775978041,0.0232323778151613
2.09999999999999,0.0295302794904334,0.0232320409580702
2.15,0.0302333813830628,0.0232316937425855
2.2,0.0309364832756922,0.023231335998572
2.25,0.0316395851683216,0.0232309675507059
2.3,0.0323426870609509,0.0232305882183911
2.34999999999999,0.0330457889535803,0.0232301978156738
2.4,0.0337488908462097,0.0232297961511558
2.45,0.034451992738839,0.0232293830279042
2.5,0.0351550946314685,0.0232289582433611
2.55,0.0358581965240978,0.0232285215892498
2.59999999999999,0.0365612984167271,0.0232280728514795
2.65,0.0372644003093565,0.0232276118100485
2.7,0.0379675022019859,0.0232271382389448
2.75,0.0386706040946153,0.0232266519060452
2.8,0.0393737059872446,0.0232261525730116
2.84999999999999,0.040076807879874,0.0232256399951868
2.9,0.0407799097725034,0.0232251139214867
2.95,0.0414830116651327,0.0232245740942919
3,0.0421861135577621,0.0232240202493365
3.05,0.0428892154503915,0.0232234521155951
3.09999999999999,0.0435923173430208,0.0232228694151684
3.15,0.0442954192356502,0.0232222718631661
3.2,0.0449985211282796,0.0232216591675886
3.25,0.045701623020909,0.0232210310292058
3.3,0.0464047249135383,0.0232203871414353
3.34999999999999,0.0471078268061676,0.0232197271902177
3.4,0.0478109286987971,0.0232190508538902
3.45,0.0485140305914264,0.0232183578030588
3.5,0.0492171324840558,0.0232176477004681
3.55,0.0499202343766852,0.0232169202008692
3.59999999999999,0.0506233362693145,0.0232161749508865
3.65,0.0513264381619439,0.0232154115888819
3.7,0.0520295400545732,0.0232146297448173
3.75,0.0527326419472027,0.0232138290401159
3.8,0.053435743839832,0.023213009087521
3.84999999999999,0.0541388457324613,0.0232121694909537
3.9,0.0548419476250908,0.0232113098453679
3.95,0.0555450495177201,0.0232104297366049
4,0.0562481514103495,0.0232095287412454
4.05,0.0569512533029789,0.02320860642646
4.09999999999999,0.0576543551956082,0.0232076623498582
4.15,0.0583574570882376,0.0232066960593355
4.2,0.0590605589808669,0.0232057070929195
4.25,0.0597636608734964,0.023204694978614
4.3,0.0604667627661257,0.0232036592342415
4.34999999999999,0.061169864658755,0.0232025993672842
4.4,0.0618729665513845,0.0232015148747241
4.45,0.0625760684440138,0.0232004052428811
4.5,0.0632791703366432,0.0231992699472498
4.55,0.0639822722292725,0.0231981084523348
4.59999999999999,0.0646853741219019,0.0231969202114855
4.65,0.0653884760145313,0.0231957046667284
4.7,0.0660915779071606,0.023194461248599
4.75,0.06679467979979,0.0231931893759724
4.8,0.0674977816924194,0.0231918884558925
4.84999999999999,0.0682008835850487,0.0231905578834002
4.9,0.0689039854776781,0.0231891970413606
4.95,0.0696070873703075,0.0231878053002892
5,0.0703101892629369,0.0231863820181772
5.05,0.0710132911555662,0.0231849265403155
5.09999999999999,0.0717163930481956,0.0231834381991185
5.15,0.072419494940825,0.0231819163139466
5.2,0.0731225968334543,0.023180360190928
5.25,0.0738256987260837,0.0231787691227802
5.3,0.0745288006187131,0.0231771423886307
5.34999999999999,0.0752319025113424,0.0231754792538368
5.4,0.0759350044039718,0.0231737789698054
5.45,0.0766381062966012,0.0231720407738121
5.5,0.0773412081892306,0.0231702638888203
5.55,0.0780443100818599,0.0231684475232995
5.59999999999999,0.0787474119744892,0.0231665908710436
5.65,0.0794505138671187,0.0231646931109896
5.7,0.080153615759748,0.0231627534070354
5.75,0.0808567176523774,0.023160770907858
5.8,0.0815598195450068,0.023158744746732
5.84999999999999,0.0822629214376361,0.0231566740413482
5.9,0.0829660233302655,0.023154557893632
5.95,0.0836691252228949,0.0231523953895629
6,0.0843722271155243,0.023150185598994
6.05,0.0850753290081536,0.023147927575472
6.09999999999999,0.0857784309007829,0.0231456203560582
6.15,0.0864815327934124,0.0231432629611497
6.2,0.0871846346860417,0.023140854394302
6.25,0.0878877365786711,0.0231383936420518
6.3,0.0885908384713005,0.0231358796737417
6.34999999999999,0.0892939403639298,0.0231333114413454
6.4,0.0899970422565592,0.0231306878792941
6.45,0.0907001441491885,0.0231280079043046
6.5,0.091403246041818,0.0231252704152086
6.55,0.0921063479344473,0.0231224742927837
6.59999999999999,0.0928094498270766,0.0231196183995856
6.65,0.0935125517197061,0.0231167015797829
6.7,0.0942156536123354,0.023113722658993
6.75,0.0949187555049648,0.0231106804441202
6.8,0.0956218573975941,0.0231075737231966
6.84999999999999,0.0963249592902235,0.023104401265224
6.9,0.0970280611828529,0.0231011618200191
6.95,0.0977311630754822,0.0230978541180613
7,0.0984342649681117,0.0230944768703421
7.05,0.099137366860741,0.0230910287682184
7.09999999999999,0.0998404687533703,0.0230875084832679
7.15,0.100543570646,0.0230839146671478
7.2,0.101246672538629,0.0230802459514569
7.25,0.101949774431259,0.0230765009476001
7.3,0.102652876323888,0.0230726782466574
7.34999999999999,0.103355978216517,0.0230687764192556
7.4,0.104059080109147,0.0230647940154442
7.45,0.104762182001776,0.0230607295645749
7.5,0.105465283894405,0.023056581575185
7.55,0.106168385787035,0.0230523485348848
7.59999999999999,0.106871487679664,0.0230480289102499
7.65,0.107574589572293,0.0230436211467172
7.7,0.108277691464923,0.0230391236684855
7.75,0.108980793357552,0.0230345348784212
7.8,0.109683895250182,0.0230298531579684
7.84999999999999,0.110386997142811,0.0230250768670644
7.9,0.11109009903544,0.0230202043440599
7.95,0.11179320092807,0.0230152339056449
8,0.112496302820699,0.0230101638467794
8.05,0.113199404713328,0.0230049924406306
8.09999999999999,0.113902506605958,0.0229997179385152
8.15,0.114605608498587,0.0229943385698475
8.2,0.115308710391216,0.0229888525420944
8.25,0.116011812283846,0.022983258040735
8.3,0.116714914176475,0.0229775532292288
8.34999999999999,0.117418016069105,0.022971736248988
8.4,0.118121117961734,0.0229658052193585
8.45,0.118824219854363,0.0229597582376062
8.5,0.119527321746993,0.0229535933789115
8.55,0.120230423639622,0.02294730869637
8.59999999999999,0.120933525532251,0.022940902221001
8.65,0.121636627424881,0.022934371961763
8.7,0.12233972931751,0.0229277159055775
8.75,0.12304283121014,0.0229209320173599
8.8,0.123745933102769,0.0229140182400584
8.84999999999999,0.124449034995398,0.0229069724947014
8.9,0.125152136888028,0.0228997926804526
8.95,0.125855238780657,0.0228924766746744
9,0.126558340673286,0.0228850223330004
9.05,0.127261442565916,0.0228774274894159
9.09999999999999,0.127964544458545,0.0228696899563479
9.15,0.128667646351175,0.022861807524763
9.2,0.129370748243804,0.0228537779642755
9.25,0.130073850136433,0.0228455990232638
9.3,0.130776952029063,0.0228372684289971
9.34999999999999,0.131480053921692,0.0228287838877708
9.4,0.132183155814321,0.0228201430850518
9.45,0.132886257706951,0.0228113436856338
9.5,0.13358935959958,0.0228023833338023
9.55,0.134292461492209,0.0227932596535096
9.59999999999999,0.134995563384839,0.0227839702485601
9.65,0.135698665277468,0.0227745127028059
9.7,0.136401767170098,0.0227648845803528
9.75,0.137104869062727,0.0227550834257765
9.8,0.137807970955356,0.0227451067643504
9.84999999999999,0.138511072847986,0.0227349521022828
9.9,0.139214174740615,0.0227246169269663
9.95,0.139917276633244,0.0227140987072373
10,0.140620378525874,0.0227033948936468
10.05,0.141323480418503,0.0226925029187431
10.1,0.142026582311132,0.0226814201973643
10.15,0.142729684203762,0.0226701441269439
10.2,0.143432786096391,0.0226586720878265
10.25,0.144135887989021,0.0226470014435959
10.3,0.14483898988165,0.0226351295414143
10.35,0.145542091774279,0.0226230537123738
10.4,0.146245193666909,0.022610771271859
10.45,0.146948295559538,0.0225982795199222
10.5,0.147651397452167,0.0225855757416697
10.55,0.148354499344797,0.0225726572076609
10.6,0.149057601237426,0.0225595211743188
10.65,0.149760703130056,0.0225461648843531
10.7,0.150463805022685,0.0225325855671948
10.75,0.151166906915314,0.0225187804394437
10.8,0.151870008807944,0.0225047467053276
10.85,0.152573110700573,0.0224904815571736
10.9,0.153276212593202,0.0224759821758923
10.95,0.153979314485832,0.0224612457314737
11,0.154682416378461,0.0224462693834954
11.05,0.155385518271091,0.0224310502816434
11.1,0.15608862016372,0.022415585566245
11.15,0.156791722056349,0.0223998723688139
11.2,0.157494823948979,0.0223839078126074
11.25,0.158197925841608,0.0223676890131965
11.3,0.158901027734237,0.0223512130790474
11.35,0.159604129626867,0.0223344771121156
11.4,0.160307231519496,0.0223174782084524
11.45,0.161010333412125,0.0223002134588226
11.5,0.161713435304755,0.022282679949335
11.55,0.162416537197384,0.0222648747620849
11.6,0.163119639090014,0.0222467949758081
11.65,0.163822740982643,0.0222284376665467
11.7,0.164525842875272,0.0222097999083271
11.75,0.165228944767902,0.0221908787738494
11.8,0.165932046660531,0.0221716713351883
11.85,0.16663514855316,0.0221521746645054
11.9,0.16733825044579,0.0221323858347732
11.95,0.168041352338419,0.0221123019205101
12,0.168744454231049,0.0220919199985264
12.05,0.169447556123678,0.0220712371486815
12.1,0.170150658016307,0.0220502504546518
12.15,0.170853759908937,0.0220289570047092
12.2,0.171556861801566,0.0220073538925108
12.25,0.172259963694195,0.0219854382178974
12.3,0.172963065586825,0.0219632070877043
12.35,0.173666167479454,0.0219406576165802
12.4,0.174369269372083,0.0219177869278174
12.45,0.175072371264713,0.0218945921541904
12.5,0.175775473157342,0.021871070438805
12.55,0.176478575049972,0.0218472189359559
12.6,0.177181676942601,0.0218230348119937
12.65,0.17788477883523,0.0217985152462003
12.7,0.17858788072786,0.0217736574316735
12.75,0.179290982620489,0.0217484585762191
12.8,0.179994084513118,0.0217229159032515
12.85,0.180697186405748,0.0216970266527023
12.9,0.181400288298377,0.0216707880819361
12.95,0.182103390191007,0.0216441974666736
13,0.182806492083636,0.0216172521019216
13.05,0.183509593976265,0.0215899493029103
13.1,0.184212695868895,0.0215622864060362
13.15,0.184915797761524,0.0215342607698115
13.2,0.185618899654153,0.0215058697758196
13.25,0.186322001546783,0.0214771108296756
13.3,0.187025103439412,0.0214479813619919
13.35,0.187728205332042,0.0214184788293493
13.4,0.188431307224671,0.021388600715272
13.45,0.1891344091173,0.0213583445312069
13.5,0.18983751100993,0.0213277078175068
13.55,0.190540612902559,0.0212966881444172
13.6,0.191243714795188,0.0212652831130657
13.65,0.191946816687818,0.0212334903564546
13.7,0.192649918580447,0.0212013075404558
13.75,0.193353020473076,0.0211687323648072
13.8,0.194056122365706,0.0211357625641116
13.85,0.194759224258335,0.0211023959088357
13.9,0.195462326150965,0.0210686302063107
13.95,0.196165428043594,0.0210344633017329
14,0.196868529936223,0.0209998930791646
14.05,0.197571631828853,0.020964917462534
14.1,0.198274733721482,0.0209295344166352
14.15,0.198977835614111,0.0208937419481257
14.2,0.199680937506741,0.0208575381065232
14.25,0.20038403939937,0.0208209209852
14.3,0.201087141292,0.0207838887223744
14.35,0.201790243184629,0.0207464395020998
14.4,0.202493345077258,0.0207085715552497
14.45,0.203196446969888,0.0206702831604992
14.5,0.203899548862517,0.0206315726453021
14.55,0.204602650755146,0.020592438386863
14.6,0.205305752647776,0.0205528788131043
14.65,0.206008854540405,0.0205128924036274
14.7,0.206711956433034,0.0204724776906678
14.75,0.207415058325664,0.0204316332600435
14.8,0.208118160218293,0.0203903577520963
14.85,0.208821262110923,0.0203486498626256
14.9,0.209524364003552,0.0203065083438139
14.95,0.210227465896181,0.0202639320051439
15,0.210930567788811,0.0202209197143068
15.05,0.21163366968144,0.0201774703981011
15.1,0.212336771574069,0.0201335830433211
15.15,0.213039873466699,0.0200892566976354
15.2,0.213742975359328,0.0200444904704542
15.25,0.214446077251958,0.0199992835337856
15.3,0.215149179144587,0.0199536351230801
15.35,0.215852281037216,0.0199075445380619
15.4,0.216555382929846,0.019861011143549
15.45,0.217258484822475,0.0198140343702587
15.5,0.217961586715104,0.0197666137156002
15.55,0.218664688607734,0.0197187487444524
15.6,0.219367790500363,0.019670439089928
15.65,0.220070892392992,0.0196216844541217
15.7,0.220773994285622,0.0195724846088432
15.75,0.221477096178251,0.0195228393963342
15.8,0.222180198070881,0.0194727487299691
15.85,0.22288329996351,0.0194222125949386
15.9,0.223586401856139,0.0193712310489162
15.95,0.224289503748769,0.0193198042227065
16,0.224992605641398,0.0192679323208765
16.05,0.225695707534027,0.0192156156223666
16.1,0.226398809426657,0.0191628544810841
16.15,0.227101911319286,0.0191096493264761
16.2,0.227805013211916,0.019056000664084
16.25,0.228508115104545,0.0190019090760758
16.3,0.229211216997174,0.0189473752217595
16.35,0.229914318889804,0.0188923998380748
16.4,0.230617420782433,0.0188369837400632
16.45,0.231320522675062,0.0187811278213166
16.5,0.232023624567692,0.0187248330544035
16.55,0.232726726460321,0.0186681004912734
16.6,0.233429828352951,0.0186109312636373
16.65,0.23413293024558,0.0185533265833256
16.7,0.234836032138209,0.0184952877426228
16.75,0.235539134030839,0.0184368161145775
16.8,0.236242235923468,0.0183779131532888
16.85,0.236945337816097,0.0183185803941683
16.9,0.237648439708727,0.0182588194541769
16.95,0.238351541601356,0.0181986320320369
17,0.239054643493985,0.0181380199084187
17.05,0.239757745386615,0.0180769849461018
17.1,0.240460847279244,0.0180155290901099
17.15,0.241163949171874,0.0179536543678204
17.2,0.241867051064503,0.0178913628890469
17.25,0.242570152957132,0.0178286568460954
17.3,0.243273254849762,0.0177655385137941
17.35,0.243976356742391,0.017702010249496
17.4,0.24467945863502,0.0176380744930538
17.45,0.24538256052765,0.0175737337667689
17.5,0.246085662420279,0.0175089906753112
17.55,0.246788764312908,0.0174438479056127
17.6,0.247491866205538,0.0173783082267329
17.65,0.248194968098167,0.0173123744896956
17.7,0.248898069990797,0.0172460496272991
17.75,0.249601171883426,0.0171793366538972
17.8,0.250304273776055,0.0171122386651524
17.85,0.251007375668685,0.0170447588377612
17.9,0.251710477561314,0.0169769004291504
17.95,0.252413579453943,0.0169086667771459
18,0.253116681346573,0.0168400612996126
18.05,0.253819783239202,0.0167710874940659
18.1,0.254522885131832,0.0167017489372552
18.15,0.255225987024461,0.0166320492847189
18.2,0.25592908891709,0.0165619922703109
18.25,0.25663219080972,0.016491581705699
18.3,0.257335292702349,0.0164208214798349
18.35,0.258038394594978,0.0163497155583964
18.4,0.258741496487608,0.0162782679832011
18.45,0.259444598380237,0.0162064828715921
18.5,0.260147700272867,0.0161343644157968
18.55,0.260850802165496,0.0160619168822561
18.6,0.261553904058125,0.0159891446109283
18.65,0.262257005950755,0.0159160520145634
18.7,0.262960107843384,0.0158426435779516
18.75,0.263663209736013,0.0157689238571445
18.8,0.264366311628643,0.0156948974786485
18.85,0.265069413521272,0.0156205691385925
18.9,0.265772515413901,0.0155459436018692
18.95,0.266475617306531,0.0154710257012493
19,0.26717871919916,0.0153958203364707
19.05,0.26788182109179,0.0153203324733014
19.1,0.268584922984419,0.0152445671425774
19.15,0.269288024877048,0.0151685294392155
19.2,0.269991126769678,0.0150922245212006
19.25,0.270694228662307,0.01501565760855
19.3,0.271397330554936,0.0149388339822518
19.35,0.272100432447566,0.0148617589831812
19.4,0.272803534340195,0.0147844380109921
19.45,0.273506636232825,0.0147068765229863
19.5,0.274209738125454,0.0146290800329603
19.55,0.274912840018083,0.0145510541100287
19.6,0.275615941910713,0.0144728043774277
19.65,0.276319043803342,0.014394336511295
19.7,0.277022145695971,0.0143156562394305
19.75,0.277725247588601,0.0142367693400356
19.8,0.27842834948123,0.0141576816404324
19.85,0.279131451373859,0.0140783990157641
19.9,0.279834553266489,0.0139989273876752
19.95,0.280537655159118,0.0139192727229738
20,0.281240757051748,0.0138394410322761
20.05,0.281943858944377,0.0137594383686322
20.1,0.282646960837006,0.0136792708261357
20.15,0.283350062729636,0.013598944538517
20.2,0.284053164622265,0.0135184656777196
20.25,0.284756266514894,0.0134378404524617
20.3,0.285459368407524,0.0133570751067829
20.35,0.286162470300153,0.0132761759185765
20.4,0.286865572192783,0.0131951491981077
20.45,0.287568674085412,0.0131140012865194
20.5,0.288271775978041,0.0130327385543246
20.55,0.288974877870671,0.0129513673998878
20.6,0.2896779797633,0.012869894247894
20.65,0.290381081655929,0.0127883255478078
20.7,0.291084183548559,0.0127066677723222
20.75,0.291787285441188,0.0126249274157974
20.8,0.292490387333817,0.0125431109926916
20.85,0.293193489226447,0.012461225035983
20.9,0.293896591119076,0.012379276095584
20.95,0.294599693011706,0.0122972707367493
21,0.295302794904335,0.012215215538477
21.05,0.296005896796964,0.0121331170919044
21.1,0.296708998689594,0.0120509819986983
21.15,0.297412100582223,0.011968816869442
21.2,0.298115202474852,0.0118866283220177
21.25,0.298818304367482,0.0118044229799861
21.3,0.299521406260111,0.0117222074709642
21.35,0.300224508152741,0.0116399884250007
21.4,0.30092761004537,0.0115577724729507
21.45,0.301630711937999,0.0114755662448505
21.5,0.302333813830629,0.0113933763682918
21.55,0.303036915723258,0.0113112094667978
21.6,0.303740017615887,0.0112290721582006
21.65,0.304443119508517,0.0111469710530208
21.7,0.305146221401146,0.0110649127528503
21.75,0.305849323293776,0.0109829038487386
21.8,0.306552425186405,0.0109009509195839
21.85,0.307255527079034,0.0108190605305284
21.9,0.307958628971664,0.0107372392313599
21.95,0.308661730864293,0.0106554935549193
22,0.309364832756922,0.0105738300155153
22.05,0.310067934649552,0.0104922551073466
22.1,0.310771036542181,0.0104107753029321
22.15,0.31147413843481,0.0103293970515505
22.2,0.31217724032744,0.0102481267776886
22.25,0.312880342220069,0.0101669708795005
22.3,0.313583444112699,0.0100859357272771
22.35,0.314286546005328,0.0100050276619272
22.4,0.314989647897957,0.00992425299346985
22.45,0.315692749790587,0.00984361799954057
22.5,0.316395851683216,0.00976312892390939
22.55,0.317098953575845,0.00968279197501345
22.6,0.317802055468475,0.00960261332450349
22.65,0.318505157361104,0.00952259910580551
22.7,0.319208259253734,0.00944275541269762
22.75,0.319911361146363,0.00936308829790306
22.8,0.320614463038992,0.00928360377169965
22.85,0.321317564931622,0.00920430780054635
22.9,0.322020666824251,0.00912520630572742
22.95,0.32272376871688,0.00904630516201467
23,0.32342687060951,0.00896761019634827
23.05,0.324129972502139,0.00888912718653681
23.1,0.324833074394768,0.00881086185997676
23.15,0.325536176287398,0.00873281989239211
23.2,0.326239278180027,0.00865500690659452
23.25,0.326942380072657,0.00857742847126436
23.3,0.327645481965286,0.00850009009975325
23.35,0.328348583857915,0.00842299724890837
23.4,0.329051685750545,0.008346155317919
23.45,0.329754787643174,0.00826956964718582
23.5,0.330457889535803,0.00819324551721307
23.55,0.331160991428433,0.00811718814752423
23.6,0.331864093321062,0.00804140269560149
23.65,0.332567195213692,0.00796589425584926
23.7,0.333270297106321,0.0078906678585822
23.75,0.33397339899895,0.00781572846903802
23.8,0.33467650089158,0.00774108098641539
23.85,0.335379602784209,0.00766673024293716
23.9,0.336082704676838,0.00759268100293943
23.95,0.336785806569468,0.00751893796198632
24,0.337488908462097,0.00744550574601119
24.05,0.338192010354726,0.00737238891048409
24.1,0.338895112247356,0.00729959193960604
24.15,0.339598214139985,0.00722711924553008
24.2,0.340301316032615,0.00715497516760945
24.25,0.341004417925244,0.00708316397167303
24.3,0.341707519817873,0.00701168984932824
24.35,0.342410621710503,0.00694055691729145
24.4,0.343113723603132,0.00686976921674624
24.45,0.343816825495761,0.00679933071272943
24.5,0.344519927388391,0.0067292452935451
24.55,0.34522302928102,0.00665951677020675
24.6,0.34592613117365,0.00659014887590756
24.65,0.346629233066279,0.00652114526551883
24.7,0.347332334958908,0.00645250951511685
24.75,0.348035436851538,0.00638424512153796
24.8,0.348738538744167,0.00631635550196201
24.85,0.349441640636796,0.0062488439935243
24.9,0.350144742529426,0.00618171385295554
24.95,0.350847844422055,0.00611496825625067
25,0.351550946314685,0.00604861029836562
25.05,0.352254048207314,0.00598264299294246
25.1,0.352957150099943,0.0059170692720628
25.15,0.353660251992573,0.00585189198602936
25.2,0.354363353885202,0.00578711390317557
25.25,0.355066455777831,0.00572273770970317
25.3,0.355769557670461,0.00565876600954767
25.35,0.35647265956309,0.00559520132427158
25.4,0.357175761455719,0.00553204609298524
25.45,0.357878863348349,0.00546930267229509
25.5,0.358581965240978,0.00540697333627926
25.55,0.359285067133608,0.00534506027649032
25.6,0.359988169026237,0.00528356560198492
25.65,0.360691270918866,0.00522249133938023
25.7,0.361394372811496,0.00516183943293688
25.75,0.362097474704125,0.00510161174466824
25.8,0.362800576596754,0.00504181005447579
25.85,0.363503678489384,0.00498243606031032
25.9,0.364206780382013,0.00492349137835873
25.95,0.364909882274642,0.00486497754325617
26,0.365612984167272,0.00480689600832319
26.05,0.366316086059901,0.0047492481458277
26.1,0.367019187952531,0.00469203524727138
26.15,0.36772228984516,0.00463525852370025
26.2,0.368425391737789,0.0045789191060391
26.25,0.369128493630419,0.00452301804544944
26.3,0.369831595523048,0.00446755631371066
26.35,0.370534697415677,0.00441253480362402
26.4,0.371237799308307,0.00435795432943913
26.45,0.371940901200936,0.00430381562730264
26.5,0.372644003093566,0.00425011935572861
26.55,0.373347104986195,0.00419686609609035
26.6,0.374050206878824,0.00414405635313327
26.65,0.374753308771454,0.00409169055550836
26.7,0.375456410664083,0.00403976905632587
26.75,0.376159512556712,0.00398829213372888
26.8,0.376862614449342,0.00393725999148631
26.85,0.377565716341971,0.00388667275960482
26.9,0.378268818234601,0.00383653049495949
26.95,0.37897192012723,0.0037868331819425
27,0.379675022019859,0.00373758073312964
27.05,0.380378123912489,0.00368877260024323
27.1,0.381081225805118,0.00364040855758818
27.15,0.381784327697747,0.00359248830974606
27.2,0.382487429590377,0.00354501149230798
27.25,0.383190531483006,0.00349797767262295
27.3,0.383893633375635,0.00345138635056139
27.35,0.384596735268265,0.00340523695929311
27.4,0.385299837160894,0.00335952886607962
27.45,0.386002939053524,0.00331426137307993
27.5,0.386706040946153,0.00326943371816972
27.55,0.387409142838782,0.00322504507577324
27.6,0.388112244731412,0.0031810945577074
27.65,0.388815346624041,0.00313758121403781
27.7,0.38951844851667,0.00309450403394609
27.75,0.3902215504093,0.00305186194660804
27.8,0.390924652301929,0.00300965382208229
27.85,0.391627754194559,0.00296787847220878
27.9,0.392330856087188,0.00292653465151679
27.95,0.393033957979817,0.00288562105814193
28,0.393737059872447,0.00284513633475159
28.05,0.394440161765076,0.00280507906947853
28.1,0.395143263657705,0.00276544779686198
28.15,0.395846365550335,0.00272624099879587
28.2,0.396549467442964,0.00268745710548373
28.25,0.397252569335593,0.00264909449639971
28.3,0.397955671228223,0.00261115150125538
28.35,0.398658773120852,0.00257362640097177
28.4,0.399361875013482,0.00253651742865619
28.45,0.400064976906111,0.00249982277058344
28.5,0.40076807879874,0.00246354056718086
28.55,0.40147118069137,0.00242766891401691
28.6,0.402174282583999,0.00239220586279269
28.65,0.402877384476628,0.00235714942233602
28.7,0.403580486369258,0.00232249755959773
28.75,0.404283588261887,0.00228824820064959
28.8,0.404986690154516,0.00225439923168349
28.85,0.405689792047146,0.00222094850001149
28.9,0.406392893939775,0.00218789381506635
28.95,0.407095995832405,0.002155232949402
29,0.407799097725034,0.00212296363969363
29.05,0.408502199617663,0.00209108358773703
29.1,0.409205301510293,0.00205959046144668
29.15,0.409908403402922,0.00202848189585232
29.2,0.410611505295552,0.00199775549409345
29.25,0.411314607188181,0.00196740882841157
29.3,0.41201770908081,0.00193743944113964
29.35,0.41272081097344,0.00190784484568847
29.4,0.413423912866069,0.00187862252752963
29.45,0.414127014758698,0.00184976994517456
29.5,0.414830116651328,0.00182128453114952
29.55,0.415533218543957,0.00179316369296602
29.6,0.416236320436586,0.00176540481408643
29.65,0.416939422329216,0.00173800525488438
29.7,0.417642524221845,0.00171096235359972
29.75,0.418345626114475,0.00168427342728766
29.8,0.419048728007104,0.00165793577276176
29.85,0.419751829899733,0.00163194666753054
29.9,0.420454931792363,0.00160630337072738
29.95,0.421158033684992,0.00158100312403344
30,0.421861135577621,0.00155604315259322
30.05,0.422564237470251,0.00153142066592276
30.1,0.42326733936288,0.0015071328588098
30.15,0.423970441255509,0.00148317691220611
30.2,0.424673543148139,0.00145954999411131
30.25,0.425376645040768,0.00143624926044831
30.3,0.426079746933398,0.00141327185592982
30.35,0.426782848826027,0.00139061491491596
30.4,0.427485950718656,0.00136827556226262
30.45,0.428189052611286,0.00134625091416031
30.5,0.428892154503915,0.00132453846868437
30.55,0.429595256396544,0.00130313532387898
30.6,0.430298358289174,0.00128203857158955
30.65,0.431001460181803,0.00126124529826218
30.7,0.431704562074433,0.00124075258573267
30.75,0.432407663967062,0.001220557512005
30.8,0.433110765859691,0.0012006571520192
30.85,0.433813867752321,0.0011810485784083
30.9,0.43451696964495,0.00116172886224436
30.95,0.435220071537579,0.00114269507377332
31,0.435923173430209,0.00112394428313873
31.05,0.436626275322838,0.00110547356109398
31.1,0.437329377215467,0.00108727997970321
31.15,0.438032479108097,0.00106936061303055
31.2,0.438735581000726,0.00105171253781774
31.25,0.439438682893356,0.00103433283414996
31.3,0.440141784785985,0.00101721858610993
31.35,0.440844886678614,0.00100036688241993
31.4,0.441547988571244,0.000983774817072014
31.45,0.442251090463873,0.000967439489946079
31.5,0.442954192356502,0.00095135800741589
31.55,0.443657294249132,0.00093552748294295
31.6,0.444360396141761,0.000919945037658209
31.65,0.445063498034391,0.000904607800931548
31.7,0.44576659992702,0.000889512910929034
31.75,0.446469701819649,0.000874657515157913
31.8,0.447172803712279,0.000860038770999332
31.85,0.447875905604908,0.000845653846228791
31.9,0.448579007497537,0.000831499919524295
31.95,0.449282109390167,0.000817574180962244
32,0.449985211282796,0.000803873832501049
32.05,0.450688313175426,0.000790396088452502
32.1,0.451391415068055,0.000777138175940912
32.15,0.452094516960684,0.000764097335350037
32.2,0.452797618853314,0.000751270820757863
32.25,0.453500720745943,0.000738655900359229
32.3,0.454203822638572,0.000726249856876383
32.35,0.454906924531202,0.000714049987957489
32.4,0.455610026423831,0.000702053606563158
32.45,0.456313128316461,0.000690258041341041
32.5,0.45701623020909,0.00067866063698857
32.55,0.457719332101719,0.0006672587546039
32.6,0.458422433994349,0.000656049772025124
32.65,0.459125535886978,0.000645031084157845
32.7,0.459828637779607,0.000634200103291188
32.75,0.460531739672237,0.000623554259402327
32.8,0.461234841564866,0.000613091000449623
32.85,0.461937943457495,0.000602807792654466
32.9,0.462641045350125,0.000592702120771915
32.95,0.463344147242754,0.000582771488350246
33,0.464047249135384,0.000573013417979496
33.05,0.464750351028013,0.000563425451529127
33.1,0.465453452920642,0.000554005150374907
33.15,0.466156554813272,0.000544750095615136
33.2,0.466859656705901,0.00053565788827632
33.25,0.46756275859853,0.000526726149508424
33.3,0.46826586049116,0.000517952520769821
33.35,0.468968962383789,0.000509334664002064
33.4,0.469672064276418,0.000500870261794606
33.45,0.470375166169048,0.000492557017539604
33.5,0.471078268061677,0.000484392655576937
33.55,0.471781369954307,0.000476374921329569
33.6,0.472484471846936,0.000468501581429399
33.65,0.473187573739565,0.000460770423833731
33.7,0.473890675632195,0.000453179257932516
33.75,0.474593777524824,0.000445725914646494
33.8,0.475296879417453,0.000438408246516382
33.85,0.475999981310083,0.000431224127783272
33.9,0.476703083202712,0.000424171454460352
33.95,0.477406185095342,0.000417248144396133
34,0.478109286987971,0.000410452137329302
34.05,0.4788123888806,0.000403781394935372
34.1,0.47951549077323,0.000397233900865268
34.15,0.480218592665859,0.000390807660776002
34.2,0.480921694558488,0.000384500702353594
34.25,0.481624796451118,0.00037831107532839
34.3,0.482327898343747,0.000372236851482926
34.35,0.483031000236377,0.000366276124652499
34.4,0.483734102129006,0.000360427010718594
34.45,0.484437204021635,0.000354687647595322
34.5,0.485140305914265,0.00034905619520903
34.55,0.485843407806894,0.000343530835471225
34.6,0.486546509699523,0.000338109772244977
34.65,0.487249611592153,0.000332791231304954
34.7,0.487952713484782,0.000327573460291238
34.75,0.488655815377411,0.000322454728657078
34.8,0.489358917270041,0.000317433327610738
34.85,0.49006201916267,0.000312507570051587
34.9,0.4907651210553,0.000307675790500584
34.95,0.491468222947929,0.000302936345025315
35,0.492171324840558,0.000298287611159726
35.05,0.492874426733188,0.000293727987818706
35.1,0.493577528625817,0.000289255895207671
35.15,0.494280630518446,0.000284869774727295
35.2,0.494983732411076,0.000280568088873533
35.25,0.495686834303705,0.00027634932113309
35.3,0.496389936196334,0.000272211975874473
35.35,0.497093038088964,0.00026815457823478
35.4,0.497796139981593,0.000264175674002358
35.45,0.498499241874223,0.000260273829495477
35.5,0.499202343766852,0.000256447631437169
35.55,0.499905445659481,0.000252695686826352
35.6,0.500608547552111,0.000249016622805396
35.65,0.50131164944474,0.000245409086524256
35.7,0.50201475133737,0.000241871745001307
35.75,0.502717853229999,0.000238403284981027
35.8,0.503420955122628,0.000235002412788634
35.85,0.504124057015258,0.00023166785418184
35.9,0.504827158907887,0.000228398354199823
35.95,0.505530260800516,0.000225192677009554
36,0.506233362693146,0.00022204960574961
36.05,0.506936464585775,0.000218967942371585
36.1,0.507639566478404,0.000215946507479228
36.15,0.508342668371034,0.000212984140165426
36.2,0.509045770263663,0.000210079697847147
36.25,0.509748872156292,0.000207232056098467
36.3,0.510451974048922,0.000204440108481781
36.35,0.511155075941551,0.000201702766377323
36.4,0.511858177834181,0.000199018958811106
36.45,0.51256127972681,0.000196387632281375
36.5,0.513264381619439,0.0001938077505837
36.55,0.513967483512069,0.000191278294634794
36.6,0.514670585404698,0.000188798262295177
36.65,0.515373687297327,0.000186366668190771
36.7,0.516076789189957,0.000183982543533531
36.75,0.516779891082586,0.000181644935941215
36.8,0.517482992975216,0.000179352909256372
36.85,0.518186094867845,0.000177105543364658
36.9,0.518889196760474,0.000174901934012555
36.95,0.519592298653104,0.000172741192624597
37,0.520295400545733,0.000170622446120174
37.05,0.520998502438362,0.000168544836730008
37.1,0.521701604330992,0.000166507521812387
37.15,0.522404706223621,0.000164509673669222
37.2,0.523107808116251,0.000162550479362028
37.25,0.52381091000888,0.000160629140527881
37.3,0.524514011901509,0.00015874487319545
37.35,0.525217113794139,0.000156896907601153
37.4,0.525920215686768,0.00015508448800553
37.45,0.526623317579397,0.000153306872509885
37.5,0.527326419472027,0.00015156333287327
37.55,0.528029521364656,0.000149853154329882
37.6,0.528732623257286,0.00014817563540692
37.65,0.529435725149915,0.000146530087742985
37.7,0.530138827042544,0.000144915835907058
37.75,0.530841928935174,0.000143332217218137
37.8,0.531545030827803,0.000141778581565571
37.85,0.532248132720432,0.000140254291230152
37.9,0.532951234613062,0.000138758720706017
37.95,0.533654336505691,0.000137291256523407
38,0.53435743839832,0.000135851297072338
38.05,0.53506054029095,0.00013443825242722
38.1,0.535763642183579,0.000133051544172479
38.15,0.536466744076209,0.000131690605229222
38.2,0.537169845968838,0.00013035487968298
38.25,0.537872947861467,0.000129043822612582
38.3,0.538576049754097,0.000127756899920182
38.35,0.539279151646726,0.000126493588162495
38.4,0.539982253539355,0.000125253374383254
38.45,0.540685355431985,0.000124035755946941
38.5,0.541388457324614,0.000122840240373819
38.55,0.542091559217244,0.000121666345176282
38.6,0.542794661109873,0.000120513597696575
38.65,0.543497763002502,0.000119381534945891
38.7,0.544200864895132,0.000118269703444881
38.75,0.544903966787761,0.000117177659065601
38.8,0.54560706868039,0.000116104966874914
38.85,0.54631017057302,0.00011505120097938
38.9,0.547013272465649,0.000114015944371634
38.95,0.547716374358278,0.000112998788778302
39,0.548419476250908,0.000111999334509433
39.05,0.549122578143537,0.000111017190309508
39.1,0.549825680036167,0.00011005197321
39.15,0.550528781928796,0.00010910330838353
39.2,0.551231883821425,0.000108170828999614
39.25,0.551934985714055,0.000107254176082022
39.3,0.552638087606684,0.000106352998367754
39.35,0.553341189499313,0.000105466952167647
39.4,0.554044291391943,0.000104595701228617
39.45,0.554747393284572,0.000103738916597549
39.5,0.555450495177201,0.000102896276486838
39.55,0.556153597069831,0.000102067466141587
39.6,0.55685669896246,0.000101252177708465
39.65,0.55755980085509,0.000100450110106228
39.7,0.558262902747719,9.96609688979189e-05
39.75,0.558966004640348,9.88844661647224e-05
39.8,0.559669106532978,9.81203203815004e-05
39.85,0.560372208425607,9.73682562939938e-05
39.9,0.561075310318236,9.66280047976957e-05
39.95,0.561778412210866,9.58993028183923e-05
40,0.562481514103495,9.518189319437e-05
40.05,0.563184615996125,9.4475524560286e-05
40.1,0.563887717888754,9.3779951232697e-05
40.15,0.564590819781383,9.30949330972447e-05
40.2,0.565293921674013,9.24202354974892e-05
40.25,0.565997023566642,9.17556291253875e-05
40.3,0.566700125459271,9.11008899134101e-05
40.35,0.567403227351901,9.04557989282868e-05
40.4,0.56810632924453,8.98201422663777e-05
40.45,0.56880943113716,8.91937109506577e-05
40.5,0.569512533029789,8.85763008293088e-05
40.55,0.570215634922418,8.79677124759087e-05
40.6,0.570918736815048,8.73677510912085e-05
40.65,0.571621838707677,8.67762264064868e-05
40.7,0.572324940600306,8.6192952588472e-05
40.75,0.573028042492936,8.56177481458207e-05
40.8,0.573731144385565,8.50504358371403e-05
40.85,0.574434246278195,8.44908425805455e-05
40.9,0.575137348170824,8.39387993647358e-05
40.95,0.575840450063453,8.33941411615811e-05
41,0.576543551956083,8.28567068402032e-05
41.05,0.577246653848712,8.23263390825402e-05
41.1,0.577949755741341,8.18028843003797e-05
41.15,0.578652857633971,8.12861925538479e-05
41.2,0.5793559595266,8.07761174713398e-05
41.25,0.580059061419229,8.02725161708769e-05
41.3,0.580762163311859,7.97752491828781e-05
41.35,0.581465265204488,7.92841803743285e-05
41.4,0.582168367097118,7.8799176874331e-05
41.45,0.582871468989747,7.83201090010276e-05
41.5,0.583574570882376,7.78468501898725e-05
41.55,0.584277672775006,7.73792769232437e-05
41.6,0.584980774667635,7.69172686613762e-05
41.65,0.585683876560264,7.64607077746022e-05
41.7,0.586386978452894,7.6009479476882e-05
41.75,0.587090080345523,7.55634717606098e-05
41.8,0.587793182238152,7.51225753326783e-05
41.85,0.588496284130782,7.46866835517866e-05
41.9,0.589199386023411,7.42556923669742e-05
41.95,0.589902487916041,7.3829500257367e-05
42,0.59060558980867,7.34080081731159e-05
42.05,0.591308691701299,7.29911194775155e-05
42.1,0.592011793593929,7.25787398902832e-05
42.15,0.592714895486558,7.2170777431985e-05
42.2,0.593417997379187,7.17671423695904e-05
42.25,0.594121099271817,7.13677471631397e-05
42.3,0.594824201164446,7.09725064135095e-05
42.35,0.595527303057076,7.05813368112577e-05
42.4,0.596230404949705,7.0194157086533e-05
42.45,0.596933506842334,6.98108879600333e-05
42.5,0.597636608734964,6.94314520949952e-05
42.55,0.598339710627593,6.90557740502005e-05
42.6,0.599042812520222,6.86837802339818e-05
42.65,0.599745914412852,6.83153988592129e-05
42.7,0.600449016305481,6.79505598992669e-05
42.75,0.601152118198111,6.75891950449267e-05
42.8,0.60185522009074,6.72312376622326e-05
42.85,0.602558321983369,6.6876622751251e-05
42.9,0.603261423875999,6.65252869057478e-05
42.95,0.603964525768628,6.61771682737532e-05
43,0.604667627661257,6.58322065190007e-05
43.05,0.605370729553887,6.5490342783226e-05
43.1,0.606073831446516,6.51515196493104e-05
43.15,0.606776933339145,6.48156811052546e-05
43.2,0.607480035231775,6.44827725089662e-05
43.25,0.608183137124404,6.41527405538487e-05
43.3,0.608886239017034,6.38255332351755e-05
43.35,0.609589340909663,6.3501099817235e-05
43.4,0.610292442802292,6.31793908012337e-05
43.45,0.610995544694922,6.28603578939412e-05
43.5,0.611698646587551,6.25439539770645e-05
43.55,0.61240174848018,6.22301330773376e-05
43.6,0.61310485037281,6.19188503373122e-05
43.65,0.613807952265439,6.16100619868366e-05
43.7,0.614511054158069,6.13037253152093e-05
43.75,0.615214156050698,6.0999798643993e-05
43.8,0.615917257943327,6.06982413004785e-05
43.85,0.616620359835957,6.03990135917826e-05
43.9,0.617323461728586,6.01020767795695e-05
43.95,0.618026563621215,5.98073930553818e-05
44,0.618729665513845,5.95149255165704e-05
44.05,0.619432767406474,5.92246381428083e-05
44.1,0.620135869299103,5.89364957731791e-05
44.15,0.620838971191733,5.86504640838268e-05
44.2,0.621542073084362,5.83665095661556e-05
44.25,0.622245174976992,5.80845995055673e-05
44.3,0.622948276869621,5.78047019607266e-05
44.35,0.62365137876225,5.7526785743342e-05
44.4,0.62435448065488,5.72508203984502e-05
44.45,0.625057582547509,5.69767761851962e-05
44.5,0.625760684440138,5.67046240580949e-05
44.55,0.626463786332768,5.64343356487661e-05
44.6,0.627166888225397,5.61658832481311e-05
44.65,0.627869990118026,5.58992397890621e-05
44.7,0.628573092010656,5.56343788294728e-05
44.75,0.629276193903285,5.53712745358409e-05
44.8,0.629979295795915,5.51099016671542e-05
44.85,0.630682397688544,5.48502355592678e-05
44.9,0.631385499581173,5.45922521096663e-05
44.95,0.632088601473803,5.4335927762619e-05
45,0.632791703366432,5.40812394947209e-05
45.05,0.633494805259061,5.38281648008102e-05
45.1,0.634197907151691,5.35766816802525e-05
45.15,0.63490100904432,5.33267686235847e-05
45.2,0.63560411093695,5.30784045995091e-05
45.25,0.636307212829579,5.283156904223e-05
45.3,0.637010314722208,5.25862418391242e-05
45.35,0.637713416614838,5.2342403318738e-05
45.4,0.638416518507467,5.21000342391023e-05
45.45,0.639119620400097,5.18591157763588e-05
45.5,0.639822722292726,5.16196295136892e-05
45.55,0.640525824185355,5.13815574305404e-05
45.6,0.641228926077985,5.11448818921384e-05
45.65,0.641932027970614,5.09095856392836e-05
45.7,0.642635129863243,5.06756517784215e-05
45.75,0.643338231755873,5.04430637719799e-05
45.8,0.644041333648502,5.02118054289692e-05
45.85,0.644744435541131,4.99818608958357e-05
45.9,0.645447537433761,4.97532146475643e-05
45.95,0.64615063932639,4.95258514790233e-05
46,0.64685374121902,4.92997564965443e-05
46.05,0.647556843111649,4.90749151097335e-05
46.1,0.648259945004278,4.88513130235061e-05
46.15,0.648963046896908,4.86289362303393e-05
46.2,0.649666148789537,4.84077710027387e-05
46.25,0.650369250682166,4.81878038859114e-05
46.3,0.651072352574796,4.79690216906416e-05
46.35,0.651775454467425,4.77514114863626e-05
46.4,0.652478556360054,4.75349605944204e-05
46.45,0.653181658252684,4.73196565815247e-05
46.5,0.653884760145313,4.71054872533801e-05
46.55,0.654587862037943,4.68924406484959e-05
46.6,0.655290963930572,4.6680505032167e-05
46.65,0.655994065823201,4.64696688906229e-05
46.7,0.656697167715831,4.62599209253401e-05
46.75,0.65740026960846,4.60512500475131e-05
46.8,0.658103371501089,4.58436453726798e-05
46.85,0.658806473393719,4.56370962154982e-05
46.9,0.659509575286348,4.54315920846684e-05
46.95,0.660212677178978,4.52271226779978e-05
47,0.660915779071607,4.50236778776046e-05
47.05,0.661618880964236,4.48212477452563e-05
47.1,0.662321982856866,4.4619822517839e-05
47.15,0.663025084749495,4.4419392602954e-05
47.2,0.663728186642124,4.42199485746397e-05
47.25,0.664431288534754,4.40214811692121e-05
47.3,0.665134390427383,4.38239812812246e-05
47.35,0.665837492320012,4.36274399595403e-05
47.4,0.666540594212642,4.34318484035159e-05
47.45,0.667243696105271,4.32371979592931e-05
47.5,0.667946797997901,4.3043480116195e-05
47.55,0.66864989989053,4.28506865032241e-05
47.6,0.669353001783159,4.26588088856592e-05
47.65,0.670056103675789,4.24678391617486e-05
47.7,0.670759205568418,4.22777693594969e-05
47.75,0.671462307461047,4.20885916335424e-05
47.8,0.672165409353677,4.19002982621224e-05
47.85,0.672868511246306,4.17128816441252e-05
47.9,0.673571613138936,4.15263342962246e-05
47.95,0.674274715031565,4.13406488500952e-05
48,0.674977816924194,4.11558180497071e-05
48.05,0.675680918816824,4.0971834748696e-05
48.1,0.676384020709453,4.07886919078081e-05
48.15,0.677087122602082,4.0606382592417e-05
48.2,0.677790224494712,4.04248999701098e-05
48.25,0.678493326387341,4.02442373083421e-05
48.3,0.67919642827997,4.00643879721585e-05
48.35,0.6798995301726,3.98853454219767e-05
48.4,0.680602632065229,3.97071032114347e-05
48.45,0.681305733957859,3.95296549852975e-05
48.5,0.682008835850488,3.9352994477423e-05
48.55,0.682711937743117,3.91771155087845e-05
48.6,0.683415039635747,3.90020119855483e-05
48.65,0.684118141528376,3.88276778972053e-05
48.7,0.684821243421005,3.86541073147544e-05
48.75,0.685524345313635,3.84812943889365e-05
48.8,0.686227447206264,3.83092333485173e-05
48.85,0.686930549098894,3.81379184986181e-05
48.9,0.687633650991523,3.7967344219092e-05
48.95,0.688336752884152,3.77975049629464e-05
49,0.689039854776782,3.76283952548071e-05
49.05,0.689742956669411,3.74600096894261e-05
49.1,0.69044605856204,3.72923429302296e-05
49.15,0.69114916045467,3.71253897079061e-05
49.2,0.691852262347299,3.69591448190327e-05
49.25,0.692555364239928,3.67936031247394e-05
49.3,0.693258466132558,3.6628759549409e-05
49.35,0.693961568025187,3.64646090794131e-05
49.4,0.694664669917817,3.6301146761881e-05
49.45,0.695367771810446,3.61383677035036e-05
49.5,0.696070873703075,3.59762670693675e-05
49.55,0.696773975595705,3.5814840081822e-05
49.6,0.697477077488334,3.56540820193752e-05
49.65,0.698180179380963,3.54939882156202e-05
49.7,0.698883281273593,3.53345540581897e-05
49.75,0.699586383166222,3.51757749877383e-05
49.8,0.700289485058851,3.50176464969509e-05
49.85,0.700992586951481,3.48601641295788e-05
49.9,0.70169568884411,3.47033234794991e-05
49.95,0.70239879073674,3.45471201898004e-05
50,0.703101892629369,3.43915499518912e-05
