Distance_Physicalspace_um,Distance_Wavelengthspace_nm,ISRF_Mp2S
-50,-0.745843281879892,2.88364517360322e-05
-49.95,-0.745097438598013,2.89703341837059e-05
-49.9,-0.744351595316133,2.91047526671546e-05
-49.85,-0.743605752034253,2.92397109102522e-05
-49.8,-0.742859908752373,2.93752126829835e-05
-49.75,-0.742114065470493,2.95112618023819e-05
-49.7,-0.741368222188613,2.96478621334919e-05
-49.65,-0.740622378906733,2.97850175903586e-05
-49.6,-0.739876535624853,2.99227321370452e-05
-49.55,-0.739130692342973,3.00610097886776e-05
-49.5,-0.738384849061093,3.01998546125193e-05
-49.45,-0.737639005779214,3.03392707290754e-05
-49.4,-0.736893162497334,3.04792623132279e-05
-49.35,-0.736147319215454,3.06198335954021e-05
-49.3,-0.735401475933574,3.07609888627662e-05
-49.25,-0.734655632651694,3.09027324604642e-05
-49.2,-0.733909789369814,3.10450687928831e-05
-49.15,-0.733163946087934,3.11880023249563e-05
-49.1,-0.732418102806054,3.13315375835026e-05
-49.05,-0.731672259524174,3.14756791586039e-05
-49,-0.730926416242295,3.16204317050205e-05
-48.95,-0.730180572960415,3.17657999436475e-05
-48.9,-0.729434729678535,3.19117886630104e-05
-48.85,-0.728688886396655,3.20584027208049e-05
-48.8,-0.727943043114775,3.22056470454783e-05
-48.75,-0.727197199832895,3.23535266378566e-05
-48.7,-0.726451356551015,3.25020465728168e-05
-48.65,-0.725705513269135,3.26512120010069e-05
-48.6,-0.724959669987255,3.28010281506141e-05
-48.55,-0.724213826705375,3.29515003291825e-05
-48.5,-0.723467983423496,3.31026339254832e-05
-48.45,-0.722722140141616,3.32544344114364e-05
-48.4,-0.721976296859736,3.34069073440873e-05
-48.35,-0.721230453577856,3.35600583676391e-05
-48.3,-0.720484610295976,3.37138932155419e-05
-48.25,-0.719738767014096,3.3868417712642e-05
-48.2,-0.718992923732216,3.40236377773904e-05
-48.15,-0.718247080450336,3.41795594241145e-05
-48.1,-0.717501237168457,3.43361887653538e-05
-48.05,-0.716755393886577,3.4493532014261e-05
-48,-0.716009550604697,3.46515954870712e-05
-47.95,-0.715263707322817,3.48103856056398e-05
-47.9,-0.714517864040937,3.49699089000534e-05
-47.85,-0.713772020759057,3.51301720113122e-05
-47.8,-0.713026177477177,3.52911816940893e-05
-47.75,-0.712280334195297,3.5452944819567e-05
-47.7,-0.711534490913417,3.5615468378352e-05
-47.65,-0.710788647631537,3.57787594834739e-05
-47.6,-0.710042804349658,3.59428253734659e-05
-47.55,-0.709296961067778,3.61076734155335e-05
-47.5,-0.708551117785898,3.62733111088104e-05
-47.45,-0.707805274504018,3.6439746087706e-05
-47.4,-0.707059431222138,3.66069861253466e-05
-47.35,-0.706313587940258,3.67750391371119e-05
-47.3,-0.705567744658378,3.694391318427e-05
-47.25,-0.704821901376498,3.71136164777146e-05
-47.2,-0.704076058094618,3.72841573818045e-05
-47.15,-0.703330214812739,3.74555444183103e-05
-47.1,-0.702584371530859,3.76277862704708e-05
-47.05,-0.701838528248979,3.78008917871609e-05
-47,-0.701092684967099,3.79748699871752e-05
-46.95,-0.700346841685219,3.81497300636294e-05
-46.9,-0.699600998403339,3.83254813884833e-05
-46.85,-0.698855155121459,3.85021335171874e-05
-46.8,-0.698109311839579,3.86796961934582e-05
-46.75,-0.697363468557699,3.88581793541835e-05
-46.7,-0.69661762527582,3.90375931344622e-05
-46.65,-0.69587178199394,3.92179478727816e-05
-46.6,-0.69512593871206,3.93992541163361e-05
-46.55,-0.69438009543018,3.95815226264907e-05
-46.5,-0.6936342521483,3.97647643843924e-05
-46.45,-0.69288840886642,3.9948990596734e-05
-46.4,-0.69214256558454,4.01342127016742e-05
-46.35,-0.69139672230266,4.03204423749167e-05
-46.3,-0.69065087902078,4.05076915359541e-05
-46.25,-0.6899050357389,4.06959723544787e-05
-46.2,-0.689159192457021,4.08852972569664e-05
-46.15,-0.688413349175141,4.10756789334355e-05
-46.1,-0.687667505893261,4.12671303443874e-05
-46.05,-0.686921662611381,4.1459664727931e-05
-46,-0.686175819329501,4.16532956070982e-05
-45.95,-0.685429976047621,4.18480367973513e-05
-45.9,-0.684684132765741,4.20439024142912e-05
-45.85,-0.683938289483861,4.22409068815675e-05
-45.8,-0.683192446201981,4.24390649389977e-05
-45.75,-0.682446602920102,4.26383916508998e-05
-45.7,-0.681700759638222,4.28389024146425e-05
-45.65,-0.680954916356342,4.30406129694195e-05
-45.6,-0.680209073074462,4.32435394052524e-05
-45.55,-0.679463229792582,4.34476981722273e-05
-45.5,-0.678717386510702,4.36531060899713e-05
-45.45,-0.677971543228822,4.38597803573733e-05
-45.4,-0.677225699946942,4.40677385625568e-05
-45.35,-0.676479856665062,4.42769986931072e-05
-45.3,-0.675734013383183,4.44875791465633e-05
-45.25,-0.674988170101303,4.46994987411747e-05
-45.2,-0.674242326819423,4.4912776726936e-05
-45.15,-0.673496483537543,4.5127432796899e-05
-45.1,-0.672750640255663,4.53434870987729e-05
-45.05,-0.672004796973783,4.55609602468167e-05
-45,-0.671258953691903,4.57798733340322e-05
-44.95,-0.670513110410023,4.60002479446611e-05
-44.9,-0.669767267128143,4.62221061669966e-05
-44.85,-0.669021423846264,4.64454706065137e-05
-44.8,-0.668275580564384,4.66703643993257e-05
-44.75,-0.667529737282504,4.68968112259745e-05
-44.7,-0.666783894000624,4.71248353255615e-05
-44.65,-0.666038050718744,4.73544615102256e-05
-44.6,-0.665292207436864,4.75857151799772e-05
-44.55,-0.664546364154984,4.78186223378941e-05
-44.5,-0.663800520873104,4.80532096056877e-05
-44.45,-0.663054677591224,4.82895042396471e-05
-44.4,-0.662308834309345,4.85275341469687e-05
-44.35,-0.661562991027465,4.87673279024794e-05
-44.3,-0.660817147745585,4.9008914765761e-05
-44.25,-0.660071304463705,4.92523246986846e-05
-44.2,-0.659325461181825,4.94975883833629e-05
-44.15,-0.658579617899945,4.97447372405278e-05
-44.1,-0.657833774618065,4.99938034483442e-05
-44.05,-0.657087931336185,5.02448199616654e-05
-44,-0.656342088054305,5.04978205317417e-05
-43.95,-0.655596244772426,5.07528397263889e-05
-43.9,-0.654850401490546,5.10099129506266e-05
-43.85,-0.654104558208666,5.12690764677952e-05
-43.8,-0.653358714926786,5.15303674211601e-05
-43.75,-0.652612871644906,5.17938238560137e-05
-43.7,-0.651867028363026,5.20594847422824e-05
-43.65,-0.651121185081146,5.23273899976503e-05
-43.6,-0.650375341799266,5.25975805112071e-05
-43.55,-0.649629498517386,5.28700981676321e-05
-43.5,-0.648883655235506,5.31449858719207e-05
-43.45,-0.648137811953627,5.34222875746673e-05
-43.4,-0.647391968671747,5.37020482979107e-05
-43.35,-0.646646125389867,5.39843141615554e-05
-43.3,-0.645900282107987,5.42691324103752e-05
-43.25,-0.645154438826107,5.45565514416135e-05
-43.2,-0.644408595544227,5.48466208331865e-05
-43.15,-0.643662752262347,5.51393913725033e-05
-43.1,-0.642916908980467,5.54349150859099e-05
-43.05,-0.642171065698587,5.5733245268771e-05
-43,-0.641425222416708,5.60344365161974e-05
-42.95,-0.640679379134828,5.63385447544315e-05
-42.9,-0.639933535852948,5.66456272729008e-05
-42.85,-0.639187692571068,5.69557427569505e-05
-42.8,-0.638441849289188,5.72689513212658e-05
-42.75,-0.637696006007308,5.75853145439959e-05
-42.7,-0.636950162725428,5.79048955015889e-05
-42.65,-0.636204319443548,5.82277588043505e-05
-42.6,-0.635458476161668,5.85539706327366e-05
-42.55,-0.634712632879788,5.88835987743909e-05
-42.5,-0.633966789597909,5.92167126619397e-05
-42.45,-0.633220946316029,5.95533834115538e-05
-42.4,-0.632475103034149,5.989368386229e-05
-42.35,-0.631729259752269,6.02376886162227e-05
-42.3,-0.630983416470389,6.05854740793774e-05
-42.25,-0.630237573188509,6.09371185034776e-05
-42.2,-0.629491729906629,6.12927020285154e-05
-42.15,-0.628745886624749,6.16523067261592e-05
-42.1,-0.62800004334287,6.20160166440073e-05
-42.05,-0.62725420006099,6.23839178507018e-05
-42,-0.62650835677911,6.27560984819111e-05
-41.95,-0.62576251349723,6.31326487871953e-05
-41.9,-0.62501667021535,6.35136611777627e-05
-41.85,-0.62427082693347,6.38992302751325e-05
-41.8,-0.62352498365159,6.42894529607112e-05
-41.75,-0.62277914036971,6.46844284262969e-05
-41.7,-0.62203329708783,6.50842582255208e-05
-41.65,-0.62128745380595,6.54890463262382e-05
-41.6,-0.620541610524071,6.58988991638794e-05
-41.55,-0.619795767242191,6.63139256957724e-05
-41.5,-0.619049923960311,6.67342374564465e-05
-41.45,-0.618304080678431,6.71599486139308e-05
-41.4,-0.617558237396551,6.75911760270543e-05
-41.35,-0.616812394114671,6.80280393037619e-05
-41.3,-0.616066550832791,6.84706608604556e-05
-41.25,-0.615320707550911,6.89191659823694e-05
-41.2,-0.614574864269031,6.93736828849922e-05
-41.15,-0.613829020987151,6.98343427765443e-05
-41.1,-0.613083177705272,7.03012799215221e-05
-41.05,-0.612337334423392,7.07746317053161e-05
-41,-0.611591491141512,7.12545386999166e-05
-40.95,-0.610845647859632,7.17411447307128e-05
-40.9,-0.610099804577752,7.22345969443969e-05
-40.85,-0.609353961295872,7.27350458779811e-05
-40.8,-0.608608118013992,7.32426455289373e-05
-40.75,-0.607862274732112,7.37575534264677e-05
-40.7,-0.607116431450233,7.42799307039144e-05
-40.65,-0.606370588168353,7.48099421723172e-05
-40.6,-0.605624744886473,7.53477563951262e-05
-40.55,-0.604878901604593,7.58935457640788e-05
-40.5,-0.604133058322713,7.6447486576246e-05
-40.45,-0.603387215040833,7.70097591122574e-05
-40.4,-0.602641371758953,7.75805477157104e-05
-40.35,-0.601895528477073,7.81600408737704e-05
-40.3,-0.601149685195193,7.8748431298968e-05
-40.25,-0.600403841913313,7.93459160122002e-05
-40.2,-0.599657998631434,7.9952696426938e-05
-40.15,-0.598912155349554,8.05689784346497e-05
-40.1,-0.598166312067674,8.11949724914406e-05
-40.05,-0.597420468785794,8.1830893705917e-05
-40,-0.596674625503914,8.24769619282743e-05
-39.95,-0.595928782222034,8.31334018406168e-05
-39.9,-0.595182938940154,8.38004430485096e-05
-39.85,-0.594437095658274,8.44783201737653e-05
-39.8,-0.593691252376394,8.51672729484694e-05
-39.75,-0.592945409094515,8.58675463102432e-05
-39.7,-0.592199565812635,8.65793904987483e-05
-39.65,-0.591453722530755,8.73030611534306e-05
-39.6,-0.590707879248875,8.80388194125054e-05
-39.55,-0.589962035966995,8.8786932013183e-05
-39.5,-0.589216192685115,8.95476713931335e-05
-39.45,-0.588470349403235,9.0321315793188e-05
-39.4,-0.587724506121355,9.11081493612766e-05
-39.35,-0.586978662839475,9.19084622575976e-05
-39.3,-0.586232819557595,9.27225507610162e-05
-39.25,-0.585486976275716,9.35507173766881e-05
-39.2,-0.584741132993836,9.43932709449023e-05
-39.15,-0.583995289711956,9.52505267511392e-05
-39.1,-0.583249446430076,9.61228066373374e-05
-39.05,-0.582503603148196,9.70104391143607e-05
-39,-0.581757759866316,9.79137594756602e-05
-38.95,-0.581011916584436,9.88331099121219e-05
-38.9,-0.580266073302556,9.97688396280905e-05
-38.85,-0.579520230020676,0.00010072130495856
-38.8,-0.578774386738797,0.00010169086948752
-38.75,-0.578028543456917,0.000102677904167449
-38.7,-0.577282700175037,0.000103682787439935
-38.65,-0.576536856893157,0.000104705905357419
-38.6,-0.575791013611277,0.000105747651706046
-38.55,-0.575045170329397,0.000106808428129601
-38.5,-0.574299327047517,0.000107888644254521
-38.45,-0.573553483765637,0.000108988717815969
-38.4,-0.572807640483757,0.000110109074784943
-38.35,-0.572061797201878,0.000111250149496412
-38.3,-0.571315953919998,0.00011241238477845
-38.25,-0.570570110638118,0.000113596232082355
-38.2,-0.569824267356238,0.00011480215161373
-38.15,-0.569078424074358,0.000116030612464494
-38.1,-0.568332580792478,0.000117282092745822
-38.05,-0.567586737510598,0.000118557079721962
-38,-0.566840894228718,0.000119856069944922
-37.95,-0.566095050946838,0.000121179569390002
-37.9,-0.565349207664958,0.000122528093592122
-37.85,-0.564603364383079,0.000123902167782946
-37.8,-0.563857521101199,0.000125302327028752
-37.75,-0.563111677819319,0.000126729116369022
-37.7,-0.562365834537439,0.000128183090955725
-37.65,-0.561619991255559,0.000129664816193254
-37.6,-0.560874147973679,0.000131174867878982
-37.55,-0.560128304691799,0.000132713832344413
-37.5,-0.559382461409919,0.000134282306596868
-37.45,-0.558636618128039,0.000135880898461697
-37.4,-0.55789077484616,0.000137510226724954
-37.35,-0.55714493156428,0.000139170921276511
-37.3,-0.5563990882824,0.000140863623253552
-37.25,-0.55565324500052,0.000142588985184426
-37.2,-0.55490740171864,0.0001443476711328
-37.15,-0.55416155843676,0.000146140356842065
-37.1,-0.55341571515488,0.000147967729879963
-37.05,-0.552669871873,0.000149830489783372
-37,-0.55192402859112,0.000151729348203204
-36.95,-0.551178185309241,0.000153665029049378
-36.9,-0.550432342027361,0.000155638268635796
-36.85,-0.549686498745481,0.000157649815825279
-36.8,-0.548940655463601,0.000159700432174421
-36.75,-0.548194812181721,0.000161790892078277
-36.7,-0.547448968899841,0.000163921982914855
-36.65,-0.546703125617961,0.000166094505189342
-36.6,-0.545957282336081,0.000168309272678004
-36.55,-0.545211439054201,0.000170567112571701
-36.5,-0.544465595772321,0.000172868865618958
-36.45,-0.543719752490442,0.00017521538626852
-36.4,-0.542973909208562,0.000177607542811339
-36.35,-0.542228065926682,0.000180046217521917
-36.3,-0.541482222644802,0.000182532306798938
-36.25,-0.540736379362922,0.000185066721305125
-36.2,-0.539990536081042,0.000187650386106254
-36.15,-0.539244692799162,0.000190284240809241
-36.1,-0.538498849517282,0.000192969239699249
-36.05,-0.537753006235402,0.000195706351875722
-36,-0.537007162953523,0.000198496561387283
-35.95,-0.536261319671643,0.000201340867365417
-35.9,-0.535515476389763,0.000204240284156857
-35.85,-0.534769633107883,0.000207195841454602
-35.8,-0.534023789826003,0.000210208584427482
-35.75,-0.533277946544123,0.000213279573848185
-35.7,-0.532532103262243,0.000216409886219671
-35.65,-0.531786259980363,0.00021960061389989
-35.6,-0.531040416698483,0.000222852865224706
-35.55,-0.530294573416603,0.000226167764628958
-35.5,-0.529548730134724,0.000229546452765562
-35.45,-0.528802886852844,0.000232990086622561
-35.4,-0.528057043570964,0.000236499839638046
-35.35,-0.527311200289084,0.00024007690181285
-35.3,-0.526565357007204,0.000243722479820918
-35.25,-0.525819513725324,0.000247437797117275
-35.2,-0.525073670443444,0.000251224094043483
-35.15,-0.524327827161564,0.000255082627930503
-35.1,-0.523581983879685,0.000259014673198866
-35.05,-0.522836140597805,0.000263021521456043
-35,-0.522090297315925,0.000267104481590939
-34.95,-0.521344454034045,0.000271264879865392
-34.9,-0.520598610752165,0.00027550406000259
-34.85,-0.519852767470285,0.000279823383272305
-34.8,-0.519106924188405,0.000284224228572834
-34.75,-0.518361080906525,0.000288707992509556
-34.7,-0.517615237624645,0.000293276089470005
-34.65,-0.516869394342765,0.000297929951695339
-34.6,-0.516123551060886,0.000302671029348123
-34.55,-0.515377707779006,0.000307500790576305
-34.5,-0.514631864497126,0.000312420721573291
-34.45,-0.513886021215246,0.00031743232663401
-34.4,-0.513140177933366,0.000322537128206861
-34.35,-0.512394334651486,0.000327736666941444
-34.3,-0.511648491369606,0.000333032501731954
-34.25,-0.510902648087726,0.000338426209756151
-34.2,-0.510156804805846,0.000343919386509782
-34.15,-0.509410961523966,0.000349513645836356
-34.1,-0.508665118242087,0.000355210619952163
-34.05,-0.507919274960207,0.000361011959466429
-34,-0.507173431678327,0.000366919333396504
-33.95,-0.506427588396447,0.000372934429177962
-33.9,-0.505681745114567,0.000379058952669526
-33.85,-0.504935901832687,0.000385294628152692
-33.8,-0.504190058550807,0.000391643198325952
-33.75,-0.503444215268927,0.000398106424293515
-33.7,-0.502698371987048,0.000404686085548404
-33.65,-0.501952528705168,0.000411383979949841
-33.6,-0.501206685423288,0.000418201923694797
-33.55,-0.500460842141408,0.000425141751283611
-33.5,-0.499714998859528,0.000432205315479572
-33.45,-0.498969155577648,0.000439394487262358
-33.4,-0.498223312295768,0.000446711155775227
-33.35,-0.497477469013888,0.000454157228265852
-33.3,-0.496731625732008,0.000461734630020719
-33.25,-0.495985782450128,0.000469445304292953
-33.2,-0.495239939168249,0.0004772912122235
-33.15,-0.494494095886369,0.000485274332755551
-33.1,-0.493748252604489,0.000493396662542112
-33.05,-0.493002409322609,0.000501660215846627
-33,-0.492256566040729,0.000510067024436545
-32.95,-0.491510722758849,0.000518619137469758
-32.9,-0.490764879476969,0.000527318621373791
-32.85,-0.490019036195089,0.000536167559717672
-32.8,-0.489273192913209,0.000545168053076376
-32.75,-0.48852734963133,0.000554322218887767
-32.7,-0.48778150634945,0.00056363219130194
-32.65,-0.48703566306757,0.000573100121022885
-32.6,-0.48628981978569,0.000582728175142382
-32.55,-0.48554397650381,0.00059251853696605
-32.5,-0.48479813322193,0.000602473405831463
-32.45,-0.48405228994005,0.00061259499691827
-32.4,-0.48330644665817,0.000622885541050222
-32.35,-0.48256060337629,0.000633347284489044
-32.3,-0.48181476009441,0.000643982488720087
-32.25,-0.481068916812531,0.000654793430229673
-32.2,-0.480323073530651,0.000665782400274076
-32.15,-0.479577230248771,0.000676951704640085
-32.1,-0.478831386966891,0.000688303663397061
-32.05,-0.478085543685011,0.000699840610640452
-32,-0.477339700403131,0.000711564894226702
-31.95,-0.476593857121251,0.000723478875499498
-31.9,-0.475848013839371,0.000735584929007306
-31.85,-0.475102170557491,0.000747885442212144
-31.8,-0.474356327275612,0.000760382815189561
-31.75,-0.473610483993732,0.000773079460319756
-31.7,-0.472864640711852,0.000785977801969828
-31.65,-0.472118797429972,0.000799080276167097
-31.6,-0.471372954148092,0.000812389330263474
-31.55,-0.470627110866212,0.000825907422590854
-31.5,-0.469881267584332,0.000839637022107503
-31.45,-0.469135424302452,0.000853580608035417
-31.4,-0.468389581020572,0.000867740309189273
-31.35,-0.467643737738693,0.000882118621278367
-31.3,-0.466897894456813,0.000896718049126001
-31.25,-0.466152051174933,0.000911541106270727
-31.2,-0.465406207893053,0.000926590314558516
-31.15,-0.464660364611173,0.000941868203725848
-31.1,-0.463914521329293,0.000957377310973724
-31.05,-0.463168678047413,0.000973120180532624
-31,-0.462422834765533,0.000989099363218403
-30.95,-0.461676991483653,0.00100531741597918
-30.9,-0.460931148201773,0.00102177690143317
-30.85,-0.460185304919894,0.00103848038739758
-30.8,-0.459439461638014,0.00105543044640856
-30.75,-0.458693618356134,0.00107262965523214
-30.7,-0.457947775074254,0.00109008059436641
-30.65,-0.457201931792374,0.00110778584753479
-30.6,-0.456456088510494,0.00112574800117055
-30.55,-0.455710245228614,0.00114396964389254
-30.5,-0.454964401946734,0.00116245336597233
-30.45,-0.454218558664854,0.00118120175879267
-30.4,-0.453472715382975,0.00120021741429744
-30.35,-0.452726872101095,0.00121950292443307
-30.3,-0.451981028819215,0.00123906088058167
-30.25,-0.451235185537335,0.0012588938729857
-30.2,-0.450489342255455,0.00127900449016458
-30.15,-0.449743498973575,0.001299395318323
-30.1,-0.448997655691695,0.00132006894075132
-30.05,-0.448251812409815,0.00134102793721792
-30,-0.447505969127935,0.00136227488335382
-29.95,-0.446760125846056,0.00138381235002953
-29.9,-0.446014282564176,0.00140564290272425
-29.85,-0.445268439282296,0.0014277691008877
-29.8,-0.444522596000416,0.00145019349729448
-29.75,-0.443776752718536,0.00147291863739127
-29.7,-0.443030909436656,0.00149594705863694
-29.65,-0.442285066154776,0.00151928128983569
-29.6,-0.441539222872896,0.00154292385046338
-29.55,-0.440793379591016,0.00156687724998726
-29.5,-0.440047536309137,0.00159114398717918
-29.45,-0.439301693027257,0.00161572654942246
-29.4,-0.438555849745377,0.00164062741201262
-29.35,-0.437810006463497,0.00166584903745211
-29.3,-0.437064163181617,0.00169139387473922
-29.25,-0.436318319899737,0.00171726435865137
-29.2,-0.435572476617857,0.00174346290902298
-29.15,-0.434826633335977,0.00176999193001801
-29.1,-0.434080790054097,0.00179685380939754
-29.05,-0.433334946772217,0.0018240509177824
-29,-0.432589103490338,0.00185158560791126
-28.95,-0.431843260208458,0.00187946021389417
-28.9,-0.431097416926578,0.00190767705046197
-28.85,-0.430351573644698,0.00193623841221162
-28.8,-0.429605730362818,0.00196514657284782
-28.75,-0.428859887080938,0.00199440378442105
-28.7,-0.428114043799058,0.0020240122765623
-28.65,-0.427368200517178,0.00205397425571473
-28.6,-0.426622357235298,0.00208429190436247
-28.55,-0.425876513953419,0.0021149673802569
-28.5,-0.425130670671539,0.00214600281564053
-28.45,-0.424384827389659,0.00217740031646881
-28.4,-0.423638984107779,0.00220916196163017
-28.35,-0.422893140825899,0.00224128980216446
-28.3,-0.422147297544019,0.0022737858604801
-28.25,-0.421401454262139,0.00230665212957024
-28.2,-0.420655610980259,0.00233989057222814
-28.15,-0.419909767698379,0.00237350312026214
-28.1,-0.4191639244165,0.00240749167371036
-28.05,-0.41841808113462,0.00244185810005564
-28,-0.41767223785274,0.00247660423344069
-27.95,-0.41692639457086,0.00251173223418345
-27.9,-0.41618055128898,0.0025472438703113
-27.85,-0.4154347080071,0.00258314087417005
-27.8,-0.41468886472522,0.00261942494164354
-27.75,-0.41394302144334,0.00265609773137515
-27.7,-0.41319717816146,0.00269316086399152
-27.65,-0.412451334879581,0.00273061592132869
-27.6,-0.411705491597701,0.0027684644456611
-27.55,-0.410959648315821,0.00280670793893371
-27.5,-0.410213805033941,0.00284534786199751
-27.45,-0.409467961752061,0.00288438563384883
-27.4,-0.408722118470181,0.00292382263087265
-27.35,-0.407976275188301,0.00296366018609038
-27.3,-0.407230431906421,0.00300389958841229
-27.25,-0.406484588624541,0.00304454208189499
-27.2,-0.405738745342661,0.00308558886500427
-27.15,-0.404992902060782,0.00312704108988362
-27.1,-0.404247058778902,0.00316889986162877
-27.05,-0.403501215497022,0.00321116623756852
-27,-0.402755372215142,0.00325384122655231
-26.95,-0.402009528933262,0.00329692578824473
-26.9,-0.401263685651382,0.00334042083242732
-26.85,-0.400517842369502,0.0033843272183081
-26.8,-0.399771999087622,0.003428645753839
-26.75,-0.399026155805742,0.00347337719504164
-26.7,-0.398280312523863,0.00351852224534173
-26.65,-0.397534469241983,0.00356408155491237
-26.6,-0.396788625960103,0.00361005572002676
-26.55,-0.396042782678223,0.00365644528242037
-26.5,-0.395296939396343,0.00370325072866318
-26.45,-0.394551096114463,0.00375047248954204
-26.4,-0.393805252832583,0.00379811093945372
-26.35,-0.393059409550703,0.00384616639580879
-26.3,-0.392313566268823,0.00389463911844673
-26.25,-0.391567722986944,0.00394352930906258
-26.2,-0.390821879705064,0.00399283711064541
-26.15,-0.390076036423184,0.00404256260692893
-26.1,-0.389330193141304,0.00409270582185462
-26.05,-0.388584349859424,0.00414326671904756
-26,-0.387838506577544,0.00419424520130536
-25.95,-0.387092663295664,0.00424564111010045
-25.9,-0.386346820013784,0.00429745422509605
-25.85,-0.385600976731904,0.00434968426367603
-25.8,-0.384855133450024,0.00440233088048915
-25.75,-0.384109290168145,0.00445539366700768
-25.7,-0.383363446886265,0.00450887215110093
-25.65,-0.382617603604385,0.00456276579662383
-25.6,-0.381871760322505,0.00461707400302088
-25.55,-0.381125917040625,0.00467179610494572
-25.5,-0.380380073758745,0.00472693137189662
-25.45,-0.379634230476865,0.00478247900786809
-25.4,-0.378888387194985,0.00483843815101892
-25.35,-0.378142543913105,0.00489480787335682
-25.3,-0.377396700631226,0.00495158718044004
-25.25,-0.376650857349346,0.00500877501109609
-25.2,-0.375905014067466,0.00506637023715773
-25.15,-0.375159170785586,0.00512437166321671
-25.1,-0.374413327503706,0.00518277802639523
-25.05,-0.373667484221826,0.0052415879961354
-25,-0.372921640939946,0.00530080017400695
-24.95,-0.372175797658066,0.00536041309353346
-24.9,-0.371429954376186,0.00542042522003706
-24.85,-0.370684111094306,0.00548083495050202
-24.8,-0.369938267812427,0.00554164061345737
-24.75,-0.369192424530547,0.0056028404688786
-24.7,-0.368446581248667,0.00566443270810877
-24.65,-0.367700737966787,0.00572641545379898
-24.6,-0.366954894684907,0.00578878675986865
-24.55,-0.366209051403027,0.00585154461148548
-24.5,-0.365463208121147,0.00591468692506529
-24.45,-0.364717364839267,0.005978211548292
-24.4,-0.363971521557387,0.00604211626015772
-24.35,-0.363225678275508,0.00610639877102311
-24.3,-0.362479834993628,0.00617105672269816
-24.25,-0.361733991711748,0.00623608768854338
-24.2,-0.360988148429868,0.00630148917359161
-24.15,-0.360242305147988,0.00636725861469046
-24.1,-0.359496461866108,0.00643339338066538
-24.05,-0.358750618584228,0.00649989077250364
-24,-0.358004775302348,0.006566748023559
-23.95,-0.357258932020468,0.00663396229977728
-23.9,-0.356513088738589,0.00670153069994292
-23.85,-0.355767245456709,0.0067694502559463
-23.8,-0.355021402174829,0.00683771793307215
-23.75,-0.354275558892949,0.00690633063030878
-23.7,-0.353529715611069,0.0069752851806784
-23.65,-0.352783872329189,0.0070445783515882
-23.6,-0.352038029047309,0.00711420684520251
-23.55,-0.351292185765429,0.00718416729883575
-23.5,-0.350546342483549,0.00725445628536619
-23.45,-0.34980049920167,0.00732507031367067
-23.4,-0.34905465591979,0.00739600582907983
-23.35,-0.34830881263791,0.00746725921385422
-23.3,-0.34756296935603,0.00753882678768087
-23.25,-0.34681712607415,0.00761070480819043
-23.2,-0.34607128279227,0.00768288947149473
-23.15,-0.34532543951039,0.00775537691274462
-23.1,-0.34457959622851,0.00782816320670799
-23.05,-0.34383375294663,0.00790124436836793
-23,-0.343087909664751,0.00797461635354078
-22.95,-0.342342066382871,0.00804827505951398
-22.9,-0.341596223100991,0.00812221632570359
-22.85,-0.340850379819111,0.0081964359343313
-22.8,-0.340104536537231,0.00827092961112066
-22.75,-0.339358693255351,0.00834569302601267
-22.7,-0.338612849973471,0.00842072179390005
-22.65,-0.337867006691591,0.00849601147538045
-22.6,-0.337121163409711,0.0085715575775282
-22.55,-0.336375320127831,0.00864735555468424
-22.5,-0.335629476845952,0.00872340080926436
-22.45,-0.334883633564072,0.00879968869258521
-22.4,-0.334137790282192,0.00887621450570793
-22.35,-0.333391947000312,0.0089529735002992
-22.3,-0.332646103718432,0.0090299608795095
-22.25,-0.331900260436552,0.00910717179886805
-22.2,-0.331154417154672,0.00918460136719454
-22.15,-0.330408573872792,0.00926224464752702
-22.1,-0.329662730590912,0.00934009665806586
-22.05,-0.328916887309033,0.00941815237313347
-22,-0.328171044027153,0.00949640672414939
-21.95,-0.327425200745273,0.00957485460062045
-21.9,-0.326679357463393,0.00965349085114577
-21.85,-0.325933514181513,0.00973231028443619
-21.8,-0.325187670899633,0.00981130767034782
-21.75,-0.324441827617753,0.00989047774092928
-21.7,-0.323695984335873,0.00996981519148255
-21.65,-0.322950141053993,0.0100493146816367
-21.6,-0.322204297772114,0.0101289708364344
-21.55,-0.321458454490234,0.0102087782474308
-21.5,-0.320712611208354,0.0102887314738043
-21.45,-0.319966767926474,0.0103688250434789
-21.4,-0.319220924644594,0.0104490534542579
-21.35,-0.318475081362714,0.0105294111749683
-21.3,-0.317729238080834,0.0106098926466153
-21.25,-0.316983394798954,0.0106904922835473
-21.2,-0.316237551517074,0.0107712044746304
-21.15,-0.315491708235195,0.0108520235844316
-21.1,-0.314745864953315,0.0109329439544115
-21.05,-0.314000021671435,0.0110139599041246
-21,-0.313254178389555,0.0110950657324282
-20.95,-0.312508335107675,0.011176255718698
-20.9,-0.311762491825795,0.0112575241240517
-20.85,-0.311016648543915,0.0113388651925784
-20.8,-0.310270805262035,0.0114202731525745
-20.75,-0.309524961980155,0.0115017422177853
-20.7,-0.308779118698275,0.0115832665886522
-20.65,-0.308033275416396,0.0116648404535636
-20.6,-0.307287432134516,0.0117464579901119
-20.55,-0.306541588852636,0.011828113366353
-20.5,-0.305795745570756,0.0119098007420697
-20.45,-0.305049902288876,0.0119915142700386
-20.4,-0.304304059006996,0.0120732480972987
-20.35,-0.303558215725116,0.0121549963664225
-20.3,-0.302812372443236,0.0122367532167891
-20.25,-0.302066529161356,0.0123185127858578
-20.2,-0.301320685879477,0.0124002692104427
-20.15,-0.300574842597597,0.0124820166279876
-20.1,-0.299828999315717,0.0125637491778407
-20.05,-0.299083156033837,0.012645461002528
-20,-0.298337312751957,0.0127271462490266
-19.95,-0.297591469470077,0.0128087990700357
-19.9,-0.296845626188197,0.0128904136252452
-19.85,-0.296099782906317,0.0129719840826029
-19.8,-0.295353939624437,0.0130535046195771
-19.75,-0.294608096342558,0.0131349694244175
-19.7,-0.293862253060678,0.0132163726974108
-19.65,-0.293116409778798,0.0132977086521323
-19.6,-0.292370566496918,0.0133789715166931
-19.55,-0.291624723215038,0.0134601555349819
-19.5,-0.290878879933158,0.0135412549679002
-19.45,-0.290133036651278,0.0136222640945928
-19.4,-0.289387193369398,0.0137031772136703
-19.35,-0.288641350087518,0.0137839886444256
-19.3,-0.287895506805638,0.0138646927280424
-19.25,-0.287149663523759,0.0139452838287957
-19.2,-0.286403820241879,0.0140257563352443
-19.15,-0.285657976959999,0.0141061046614145
-19.1,-0.284912133678119,0.0141863232479742
-19.05,-0.284166290396239,0.014266406563398
-19,-0.283420447114359,0.0143463491051218
-18.95,-0.282674603832479,0.0144261454006877
-18.9,-0.281928760550599,0.0145057900088768
-18.85,-0.281182917268719,0.0145852775208325
-18.8,-0.28043707398684,0.0146646025611708
-18.75,-0.27969123070496,0.0147437597890792
-18.7,-0.27894538742308,0.0148227438994038
-18.65,-0.2781995441412,0.0149015496237224
-18.6,-0.27745370085932,0.014980171731406
-18.55,-0.27670785757744,0.0150586050306656
-18.5,-0.27596201429556,0.0151368443695861
-18.45,-0.27521617101368,0.0152148846371457
-18.4,-0.2744703277318,0.0152927207642212
-18.35,-0.27372448444992,0.0153703477245777
-18.3,-0.272978641168041,0.0154477605358443
-18.25,-0.272232797886161,0.0155249542604734
-18.2,-0.271486954604281,0.0156019240066853
-18.15,-0.270741111322401,0.0156786649293957
-18.1,-0.269995268040521,0.0157551722311274
-18.05,-0.269249424758641,0.0158314411629059
-18,-0.268503581476761,0.0159074670251373
-17.95,-0.267757738194881,0.0159832451684693
-17.9,-0.267011894913001,0.0160587709946354
-17.85,-0.266266051631122,0.0161340399572804
-17.8,-0.265520208349242,0.0162090475627694
-17.75,-0.264774365067362,0.016283789370977
-17.7,-0.264028521785482,0.0163582609960599
-17.65,-0.263282678503602,0.0164324581072095
-17.6,-0.262536835221722,0.016506376429387
-17.55,-0.261790991939842,0.0165800117440384
-17.5,-0.261045148657962,0.0166533598897912
-17.45,-0.260299305376082,0.0167264167631312
-17.4,-0.259553462094203,0.0167991783190604
-17.35,-0.258807618812323,0.016871640571735
-17.3,-0.258061775530443,0.0169437995950831
-17.25,-0.257315932248563,0.0170156515234033
-17.2,-0.256570088966683,0.0170871925519426
-17.15,-0.255824245684803,0.0171584189374546
-17.1,-0.255078402402923,0.017229326998737
-17.05,-0.254332559121043,0.0172999131171487
-17,-0.253586715839163,0.0173701737371066
-16.95,-0.252840872557283,0.0174401053665619
-16.9,-0.252095029275404,0.0175097045774551
-16.85,-0.251349185993524,0.0175789680061513
-16.8,-0.250603342711644,0.0176478923538534
-16.75,-0.249857499429764,0.0177164743869958
-16.7,-0.249111656147884,0.0177847109376163
-16.65,-0.248365812866004,0.0178525989037074
-16.6,-0.247619969584124,0.0179201352495463
-16.55,-0.246874126302244,0.0179873170060051
-16.5,-0.246128283020365,0.0180541412708383
-16.45,-0.245382439738485,0.018120605208951
-16.4,-0.244636596456605,0.0181867060526451
-16.35,-0.243890753174725,0.0182524411018451
-16.3,-0.243144909892845,0.018317807724303
-16.25,-0.242399066610965,0.0183828033557821
-16.2,-0.241653223329085,0.0184474255002203
-16.15,-0.240907380047205,0.0185116717298726
-16.1,-0.240161536765325,0.0185755396854333
-16.05,-0.239415693483445,0.0186390270761367
-16,-0.238669850201566,0.0187021316798385
-15.95,-0.237924006919686,0.0187648513430759
-15.9,-0.237178163637806,0.0188271839811079
-15.85,-0.236432320355926,0.0188891275779356
-15.8,-0.235686477074046,0.0189506801863016
-15.75,-0.234940633792166,0.0190118399276706
-15.7,-0.234194790510286,0.0190726049921894
-15.65,-0.233448947228406,0.0191329736386277
-15.6,-0.232703103946526,0.0191929441942991
-15.55,-0.231957260664647,0.019252515054963
-15.5,-0.231211417382767,0.0193116846847071
-15.45,-0.230465574100887,0.0193704516158114
-15.4,-0.229719730819007,0.0194288144485929
-15.35,-0.228973887537127,0.0194867718512316
-15.3,-0.228228044255247,0.0195443225595787
-15.25,-0.227482200973367,0.0196014653769457
-15.2,-0.226736357691487,0.0196581991738765
-15.15,-0.225990514409607,0.0197145228879007
-15.1,-0.225244671127728,0.0197704355232698
-15.05,-0.224498827845848,0.0198259361506762
-15,-0.223752984563968,0.0198810239069547
-14.95,-0.223007141282088,0.0199356979947671
-14.9,-0.222261298000208,0.0199899576822708
-14.85,-0.221515454718328,0.0200438023027696
-14.8,-0.220769611436448,0.0200972312543503
-14.75,-0.220023768154568,0.0201502439995013
-14.7,-0.219277924872688,0.0202028400647175
-14.65,-0.218532081590808,0.0202550190400884
-14.6,-0.217786238308929,0.0203067805788717
-14.55,-0.217040395027049,0.0203581243970523
-14.5,-0.216294551745169,0.0204090502728862
-14.45,-0.215548708463289,0.0204595580464307
-14.4,-0.214802865181409,0.0205096476190603
-14.35,-0.214057021899529,0.0205593189529689
-14.3,-0.213311178617649,0.0206085720706589
-14.25,-0.212565335335769,0.0206574070544173
-14.2,-0.211819492053889,0.0207058240457783
-14.15,-0.21107364877201,0.0207538232449744
-14.1,-0.21032780549013,0.0208014049103747
-14.05,-0.20958196220825,0.0208485693579118
-14,-0.20883611892637,0.0208953169604966
-13.95,-0.20809027564449,0.0209416481474222
-13.9,-0.20734443236261,0.0209875634037574
-13.85,-0.20659858908073,0.0210330632697286
-13.8,-0.20585274579885,0.0210781483400923
-13.75,-0.20510690251697,0.0211228192634971
-13.7,-0.20436105923509,0.0211670767418366
-13.65,-0.203615215953211,0.0212109215295926
-13.6,-0.202869372671331,0.0212543544331694
-13.55,-0.202123529389451,0.0212973763102196
-13.5,-0.201377686107571,0.0213399880689619
-13.45,-0.200631842825691,0.0213821906674899
-13.4,-0.199885999543811,0.0214239851130744
-13.35,-0.199140156261931,0.0214653724614578
-13.3,-0.198394312980051,0.0215063538161415
-13.25,-0.197648469698171,0.0215469303276666
-13.2,-0.196902626416292,0.0215871031928888
-13.15,-0.196156783134412,0.0216268736542466
-13.1,-0.195410939852532,0.0216662429990239
-13.05,-0.194665096570652,0.0217052125586079
-13,-0.193919253288772,0.0217437837077409
-12.95,-0.193173410006892,0.0217819578637687
-12.9,-0.192427566725012,0.0218197364858832
-12.85,-0.191681723443132,0.0218571210743617
-12.8,-0.190935880161252,0.0218941131698031
-12.75,-0.190190036879373,0.0219307143523586
-12.7,-0.189444193597493,0.021966926240962
-12.65,-0.188698350315613,0.0220027504925547
-12.6,-0.187952507033733,0.0220381888013097
-12.55,-0.187206663751853,0.0220732428978533
-12.5,-0.186460820469973,0.0221079145484838
-12.45,-0.185714977188093,0.0221422055543904
-12.4,-0.184969133906213,0.0221761177508691
-12.35,-0.184223290624333,0.0222096530065386
-12.3,-0.183477447342453,0.0222428132225553
-12.25,-0.182731604060574,0.0222756003318279
-12.2,-0.181985760778694,0.0223080162982319
-12.15,-0.181239917496814,0.0223400631158239
-12.1,-0.180494074214934,0.0223717428080573
-12.05,-0.179748230933054,0.0224030574269974
-12,-0.179002387651174,0.0224340090525391
-11.95,-0.178256544369294,0.0224645997916241
-11.9,-0.177510701087414,0.0224948317774613
-11.85,-0.176764857805535,0.022524707168748
-11.8,-0.176019014523655,0.0225542281488935
-11.75,-0.175273171241775,0.0225833969252449
-11.7,-0.174527327959895,0.0226122157283157
-11.65,-0.173781484678015,0.0226406868110169
-11.6,-0.173035641396135,0.0226688124478917
-11.55,-0.172289798114255,0.0226965949343527
-11.5,-0.171543954832375,0.0227240365859236
-11.45,-0.170798111550495,0.0227511397374837
-11.4,-0.170052268268615,0.0227779067425171
-11.35,-0.169306424986736,0.0228043399723659
-11.3,-0.168560581704856,0.0228304418154878
-11.25,-0.167814738422976,0.0228562146767181
-11.2,-0.167068895141096,0.0228816609765373
-11.15,-0.166323051859216,0.0229067831503426
-11.1,-0.165577208577336,0.0229315836477258
-11.05,-0.164831365295456,0.0229560649317557
-11,-0.164085522013576,0.0229802294782671
-10.95,-0.163339678731696,0.0230040797751543
-10.9,-0.162593835449817,0.0230276183216719
-10.85,-0.161847992167937,0.0230508476277409
-10.8,-0.161102148886057,0.0230737702132616
-10.75,-0.160356305604177,0.0230963886074323
-10.7,-0.159610462322297,0.0231187053480758
-10.65,-0.158864619040417,0.0231407229809713
-10.6,-0.158118775758537,0.0231624440591944
-10.55,-0.157372932476657,0.0231838711424635
-10.5,-0.156627089194777,0.0232050067964935
-10.45,-0.155881245912897,0.0232258535923574
-10.4,-0.155135402631018,0.0232464141058544
-10.35,-0.154389559349138,0.0232666909168863
-10.3,-0.153643716067258,0.0232866866088415
-10.25,-0.152897872785378,0.0233064037679868
-10.2,-0.152152029503498,0.0233258449828668
-10.15,-0.151406186221618,0.0233450128437119
-10.1,-0.150660342939738,0.0233639099418539
-10.05,-0.149914499657858,0.0233825388691499
-10,-0.149168656375978,0.0234009022174152
-9.95,-0.148422813094099,0.0234190025778631
-9.9,-0.147676969812219,0.023436842540555
-9.84999999999999,-0.146931126530339,0.0234544246938575
-9.8,-0.146185283248459,0.0234717516239086
-9.75,-0.145439439966579,0.0234888259140932
-9.7,-0.144693596684699,0.0235056501445263
-9.65,-0.143947753402819,0.0235222268915455
-9.59999999999999,-0.143201910120939,0.0235385587272122
-9.55,-0.142456066839059,0.023554648218822
-9.5,-0.14171022355718,0.0235704979284232
-9.45,-0.1409643802753,0.0235861104123452
-9.4,-0.14021853699342,0.0236014882207349
-9.34999999999999,-0.13947269371154,0.0236166338971033
-9.3,-0.13872685042966,0.0236315499778794
-9.25,-0.13798100714778,0.0236462389919749
-9.2,-0.1372351638659,0.0236607034603568
-9.15,-0.13648932058402,0.0236749458956296
-9.09999999999999,-0.13574347730214,0.0236889688016259
-9.05,-0.13499763402026,0.0237027746730071
-9,-0.134251790738381,0.0237163659948722
-8.95,-0.133505947456501,0.0237297452423757
-8.9,-0.132760104174621,0.0237429148803555
-8.84999999999999,-0.132014260892741,0.0237558773629686
-8.8,-0.131268417610861,0.0237686351333365
-8.75,-0.130522574328981,0.0237811906231994
-8.7,-0.129776731047101,0.0237935462525791
-8.65,-0.129030887765221,0.0238057044294515
-8.59999999999999,-0.128285044483341,0.0238176675494272
-8.55,-0.127539201201462,0.0238294379954415
-8.5,-0.126793357919582,0.0238410181374526
-8.45,-0.126047514637702,0.0238524103321496
-8.4,-0.125301671355822,0.023863616922668
-8.34999999999999,-0.124555828073942,0.0238746402383146
-8.3,-0.123809984792062,0.0238854825943012
-8.25,-0.123064141510182,0.0238961462914861
-8.2,-0.122318298228302,0.0239066336161248
-8.15,-0.121572454946422,0.0239169468396286
-8.09999999999999,-0.120826611664542,0.0239270882183324
-8.05,-0.120080768382663,0.0239370599932696
-8,-0.119334925100783,0.0239468643899565
-7.95,-0.118589081818903,0.0239565036181838
-7.9,-0.117843238537023,0.0239659798718174
-7.84999999999999,-0.117097395255143,0.0239752953286057
-7.8,-0.116351551973263,0.0239844521499963
-7.75,-0.115605708691383,0.0239934524809598
-7.7,-0.114859865409503,0.0240022984498214
-7.65,-0.114114022127624,0.0240109921681005
-7.59999999999999,-0.113368178845744,0.0240195357303578
-7.55,-0.112622335563864,0.0240279312140498
-7.5,-0.111876492281984,0.0240361806793908
-7.45,-0.111130649000104,0.0240442861692225
-7.4,-0.110384805718224,0.0240522497088905
-7.34999999999999,-0.109638962436344,0.0240600733061281
-7.3,-0.108893119154464,0.0240677589509474
-7.25,-0.108147275872584,0.0240753086155369
-7.2,-0.107401432590704,0.0240827242541663
-7.15,-0.106655589308825,0.0240900078030981
-7.09999999999999,-0.105909746026945,0.0240971611805059
-7.05,-0.105163902745065,0.0241041862863986
-7,-0.104418059463185,0.0241110850025526
-6.95,-0.103672216181305,0.0241178591924481
-6.9,-0.102926372899425,0.0241245107012142
-6.84999999999999,-0.102180529617545,0.0241310413555779
-6.8,-0.101434686335665,0.0241374529638211
-6.75,-0.100688843053785,0.0241437473157415
-6.7,-0.0999429997719055,0.0241499261826213
-6.65,-0.0991971564900257,0.0241559913172004
-6.59999999999999,-0.0984513132081457,0.0241619444536554
-6.55,-0.0977054699262659,0.0241677873075847
-6.5,-0.096959626644386,0.0241735215759981
-6.45,-0.0962137833625061,0.0241791489373123
-6.4,-0.0954679400806262,0.0241846710513517
-6.34999999999999,-0.0947220967987463,0.0241900895593534
-6.3,-0.0939762535168664,0.0241954060839783
-6.25,-0.0932304102349866,0.0242006222293263
-6.2,-0.0924845669531066,0.0242057395809561
-6.15,-0.0917387236712267,0.0242107597059104
-6.09999999999999,-0.0909928803893468,0.0242156841527449
-6.05,-0.0902470371074669,0.0242205144515621
-6,-0.0895011938255871,0.0242252521140489
-5.95,-0.0887553505437071,0.0242298986335192
-5.9,-0.0880095072618273,0.0242344554849596
-5.84999999999999,-0.0872636639799473,0.02423892412508
-5.8,-0.0865178206980675,0.0242433059923672
-5.75,-0.0857719774161876,0.0242476025071429
-5.7,-0.0850261341343077,0.0242518150716249
-5.65,-0.0842802908524278,0.0242559450699922
-5.59999999999999,-0.0835344475705479,0.0242599938684529
-5.55,-0.082788604288668,0.0242639628153164
-5.5,-0.0820427610067882,0.0242678532410677
-5.45,-0.0812969177249082,0.0242716664584457
-5.4,-0.0805510744430284,0.0242754037625239
-5.34999999999999,-0.0798052311611484,0.0242790664307939
-5.3,-0.0790593878792686,0.0242826557232529
-5.25,-0.0783135445973887,0.0242861728824918
-5.2,-0.0775677013155087,0.0242896191337879
-5.15,-0.0768218580336289,0.024292995685199
-5.09999999999999,-0.076076014751749,0.0242963037276597
-5.05,-0.0753301714698691,0.0242995444350809
-5,-0.0745843281879892,0.0243027189644505
-4.95,-0.0738384849061093,0.024305828455937
-4.9,-0.0730926416242294,0.0243088740329944
-4.84999999999999,-0.0723467983423495,0.0243118568024695
-4.8,-0.0716009550604696,0.0243147778547104
-4.75,-0.0708551117785898,0.0243176382636776
-4.7,-0.0701092684967098,0.0243204390870559
-4.65,-0.06936342521483,0.0243231813663679
-4.59999999999999,-0.06861758193295,0.0243258661270894
-4.55,-0.0678717386510702,0.0243284943787656
-4.5,-0.0671258953691903,0.0243310671151292
-4.45,-0.0663800520873104,0.0243335853142184
-4.4,-0.0656342088054305,0.0243360499384978
-4.34999999999999,-0.0648883655235506,0.0243384619349784
-4.3,-0.0641425222416707,0.0243408222353401
-4.25,-0.0633966789597909,0.0243431317560534
-4.2,-0.0626508356779109,0.0243453913985038
-4.15,-0.0619049923960311,0.0243476020491148
-4.09999999999999,-0.0611591491141511,0.0243497645794729
-4.05,-0.0604133058322712,0.0243518798464528
-4,-0.0596674625503914,0.0243539486923421
-3.95,-0.0589216192685114,0.024355971944968
-3.9,-0.0581757759866316,0.0243579504178227
-3.84999999999999,-0.0574299327047516,0.0243598849101899
-3.8,-0.0566840894228718,0.0243617762072709
-3.75,-0.0559382461409919,0.0243636250803115
-3.7,-0.055192402859112,0.0243654322867277
-3.65,-0.0544465595772321,0.0243671985702325
-3.59999999999999,-0.0537007162953522,0.0243689246609618
-3.55,-0.0529548730134723,0.0243706112756002
-3.5,-0.0522090297315925,0.0243722591175067
-3.45,-0.0514631864497125,0.02437386887684
-3.4,-0.0507173431678327,0.0243754412306832
-3.34999999999999,-0.0499714998859527,0.0243769768431683
-3.3,-0.0492256566040729,0.0243784763655995
-3.25,-0.048479813322193,0.024379940436577
-3.2,-0.0477339700403131,0.0243813696821192
-3.15,-0.0469881267584332,0.0243827647157845
-3.09999999999999,-0.0462422834765533,0.0243841261387923
-3.05,-0.0454964401946734,0.0243854545401436
-3,-0.0447505969127935,0.0243867504967396
-2.95,-0.0440047536309136,0.0243880145735008
-2.9,-0.0432589103490337,0.0243892473234838
-2.84999999999999,-0.0425130670671538,0.024390449287998
-2.8,-0.0417672237852739,0.0243916209967211
-2.75,-0.0410213805033941,0.0243927629678126
-2.7,-0.0402755372215141,0.0243938757080271
-2.65,-0.0395296939396343,0.0243949597128264
-2.59999999999999,-0.0387838506577543,0.0243960154664892
-2.55,-0.0380380073758745,0.0243970434422209
-2.5,-0.0372921640939946,0.024398044102261
-2.45,-0.0365463208121147,0.0243990178979897
-2.4,-0.0358004775302348,0.0243999652700328
-2.34999999999999,-0.0350546342483549,0.0244008866483651
-2.3,-0.034308790966475,0.0244017824524124
-2.25,-0.0335629476845952,0.024402653091152
-2.2,-0.0328171044027152,0.0244034989632113
-2.15,-0.0320712611208354,0.0244043204569652
-2.09999999999999,-0.0313254178389554,0.0244051179506314
-2.05,-0.0305795745570755,0.0244058918123644
-2,-0.0298337312751957,0.0244066424003477
-1.95,-0.0290878879933157,0.0244073700628837
-1.9,-0.0283420447114359,0.0244080751384827
-1.84999999999999,-0.0275962014295559,0.0244087579559495
-1.8,-0.0268503581476761,0.024409418834468
-1.75,-0.0261045148657962,0.0244100580836848
-1.7,-0.0253586715839163,0.0244106760037896
-1.65,-0.0246128283020364,0.0244112728855951
-1.59999999999999,-0.0238669850201565,0.0244118490106134
-1.55,-0.0231211417382766,0.024412404651132
-1.5,-0.0223752984563968,0.0244129400702866
-1.45,-0.0216294551745168,0.0244134555221325
-1.4,-0.020883611892637,0.0244139512517134
-1.34999999999999,-0.020137768610757,0.024414427495129
-1.3,-0.0193919253288772,0.0244148844795999
-1.25,-0.0186460820469973,0.02441532242353
-1.2,-0.0179002387651174,0.0244157415365678
-1.15,-0.0171543954832375,0.0244161420196649
-1.09999999999999,-0.0164085522013575,0.0244165240651323
-1.05,-0.0156627089194777,0.0244168878566947
-1,-0.0149168656375978,0.0244172335695427
-0.949999999999996,-0.0141710223557179,0.0244175613703827
-0.899999999999999,-0.013425179073838,0.0244178714174843
-0.849999999999994,-0.0126793357919581,0.0244181638607259
-0.799999999999997,-0.0119334925100782,0.0244184388416377
-0.75,-0.0111876492281984,0.0244186964934428
-0.699999999999996,-0.0104418059463184,0.0244189369410956
-0.649999999999999,-0.00969596266443858,0.0244191603013182
-0.599999999999994,-0.00895011938255862,0.0244193666826345
-0.549999999999997,-0.00820427610067877,0.0244195561854019
-0.5,-0.00745843281879892,0.0244197289018405
-0.449999999999996,-0.00671258953691897,0.0244198849160603
-0.399999999999999,-0.00596674625503912,0.0244200243040863
-0.349999999999994,-0.00522090297315916,0.0244201471338804
-0.299999999999997,-0.00447505969127931,0.0244202534653615
-0.25,-0.00372921640939946,0.0244203433504238
-0.199999999999996,-0.00298337312751951,0.0244204168329515
-0.149999999999999,-0.00223752984563966,0.0244204739488321
-0.0999999999999943,-0.0014916865637597,0.0244205147259671
-0.0499999999999972,-0.00074584328187985,0.0244205391842803
0,0,0.0244205473357235
0.0499999999999972,0.00074584328187985,0.0244205391842803
0.0999999999999943,0.0014916865637597,0.0244205147259671
0.149999999999999,0.00223752984563966,0.0244204739488321
0.199999999999996,0.00298337312751951,0.0244204168329514
0.25,0.00372921640939946,0.0244203433504238
0.299999999999997,0.00447505969127931,0.0244202534653615
0.349999999999994,0.00522090297315916,0.0244201471338803
0.399999999999999,0.00596674625503912,0.0244200243040863
0.449999999999996,0.00671258953691897,0.0244198849160603
0.5,0.00745843281879892,0.0244197289018405
0.549999999999997,0.00820427610067877,0.0244195561854019
0.599999999999994,0.00895011938255862,0.0244193666826345
0.649999999999999,0.00969596266443858,0.0244191603013182
0.699999999999996,0.0104418059463184,0.0244189369410956
0.75,0.0111876492281984,0.0244186964934428
0.799999999999997,0.0119334925100782,0.0244184388416377
0.849999999999994,0.0126793357919581,0.0244181638607259
0.899999999999999,0.013425179073838,0.0244178714174843
0.949999999999996,0.0141710223557179,0.0244175613703827
1,0.0149168656375978,0.0244172335695427
1.05,0.0156627089194777,0.0244168878566947
1.09999999999999,0.0164085522013575,0.0244165240651323
1.15,0.0171543954832375,0.0244161420196649
1.2,0.0179002387651174,0.0244157415365678
1.25,0.0186460820469973,0.02441532242353
1.3,0.0193919253288772,0.0244148844795999
1.34999999999999,0.020137768610757,0.024414427495129
1.4,0.020883611892637,0.0244139512517134
1.45,0.0216294551745168,0.0244134555221324
1.5,0.0223752984563968,0.0244129400702866
1.55,0.0231211417382766,0.024412404651132
1.59999999999999,0.0238669850201565,0.0244118490106134
1.65,0.0246128283020364,0.0244112728855951
1.7,0.0253586715839163,0.0244106760037897
1.75,0.0261045148657962,0.0244100580836848
1.8,0.0268503581476761,0.024409418834468
1.84999999999999,0.0275962014295559,0.0244087579559495
1.9,0.0283420447114359,0.0244080751384827
1.95,0.0290878879933157,0.0244073700628837
2,0.0298337312751957,0.0244066424003477
2.05,0.0305795745570755,0.0244058918123644
2.09999999999999,0.0313254178389554,0.0244051179506314
2.15,0.0320712611208354,0.0244043204569652
2.2,0.0328171044027152,0.0244034989632113
2.25,0.0335629476845952,0.024402653091152
2.3,0.034308790966475,0.0244017824524124
2.34999999999999,0.0350546342483549,0.0244008866483651
2.4,0.0358004775302348,0.0243999652700328
2.45,0.0365463208121147,0.0243990178979897
2.5,0.0372921640939946,0.024398044102261
2.55,0.0380380073758745,0.0243970434422209
2.59999999999999,0.0387838506577543,0.0243960154664892
2.65,0.0395296939396343,0.0243949597128264
2.7,0.0402755372215141,0.0243938757080271
2.75,0.0410213805033941,0.0243927629678126
2.8,0.0417672237852739,0.0243916209967211
2.84999999999999,0.0425130670671538,0.0243904492879981
2.9,0.0432589103490337,0.0243892473234838
2.95,0.0440047536309136,0.0243880145735008
3,0.0447505969127935,0.0243867504967396
3.05,0.0454964401946734,0.0243854545401436
3.09999999999999,0.0462422834765533,0.0243841261387924
3.15,0.0469881267584332,0.0243827647157845
3.2,0.0477339700403131,0.0243813696821192
3.25,0.048479813322193,0.024379940436577
3.3,0.0492256566040729,0.0243784763655995
3.34999999999999,0.0499714998859527,0.0243769768431683
3.4,0.0507173431678327,0.0243754412306832
3.45,0.0514631864497125,0.02437386887684
3.5,0.0522090297315925,0.0243722591175067
3.55,0.0529548730134723,0.0243706112756001
3.59999999999999,0.0537007162953522,0.0243689246609618
3.65,0.0544465595772321,0.0243671985702325
3.7,0.055192402859112,0.0243654322867277
3.75,0.0559382461409919,0.0243636250803115
3.8,0.0566840894228718,0.0243617762072709
3.84999999999999,0.0574299327047516,0.0243598849101899
3.9,0.0581757759866316,0.0243579504178227
3.95,0.0589216192685114,0.024355971944968
4,0.0596674625503914,0.0243539486923421
4.05,0.0604133058322712,0.0243518798464528
4.09999999999999,0.0611591491141511,0.0243497645794729
4.15,0.0619049923960311,0.0243476020491148
4.2,0.0626508356779109,0.0243453913985038
4.25,0.0633966789597909,0.0243431317560534
4.3,0.0641425222416707,0.02434082223534
4.34999999999999,0.0648883655235506,0.0243384619349784
4.4,0.0656342088054305,0.0243360499384978
4.45,0.0663800520873104,0.0243335853142184
4.5,0.0671258953691903,0.0243310671151292
4.55,0.0678717386510702,0.0243284943787656
4.59999999999999,0.06861758193295,0.0243258661270894
4.65,0.06936342521483,0.0243231813663679
4.7,0.0701092684967098,0.0243204390870559
4.75,0.0708551117785898,0.0243176382636776
4.8,0.0716009550604696,0.0243147778547104
4.84999999999999,0.0723467983423495,0.0243118568024695
4.9,0.0730926416242294,0.0243088740329944
4.95,0.0738384849061093,0.024305828455937
5,0.0745843281879892,0.0243027189644505
5.05,0.0753301714698691,0.0242995444350809
5.09999999999999,0.076076014751749,0.0242963037276597
5.15,0.0768218580336289,0.024292995685199
5.2,0.0775677013155087,0.0242896191337879
5.25,0.0783135445973887,0.0242861728824918
5.3,0.0790593878792686,0.0242826557232529
5.34999999999999,0.0798052311611484,0.0242790664307939
5.4,0.0805510744430284,0.0242754037625238
5.45,0.0812969177249082,0.0242716664584457
5.5,0.0820427610067882,0.0242678532410677
5.55,0.082788604288668,0.0242639628153164
5.59999999999999,0.0835344475705479,0.0242599938684529
5.65,0.0842802908524278,0.0242559450699921
5.7,0.0850261341343077,0.0242518150716249
5.75,0.0857719774161876,0.0242476025071429
5.8,0.0865178206980675,0.0242433059923672
5.84999999999999,0.0872636639799473,0.02423892412508
5.9,0.0880095072618273,0.0242344554849596
5.95,0.0887553505437071,0.0242298986335192
6,0.0895011938255871,0.0242252521140489
6.05,0.0902470371074669,0.0242205144515621
6.09999999999999,0.0909928803893468,0.0242156841527449
6.15,0.0917387236712267,0.0242107597059104
6.2,0.0924845669531066,0.0242057395809561
6.25,0.0932304102349866,0.0242006222293263
6.3,0.0939762535168664,0.0241954060839784
6.34999999999999,0.0947220967987463,0.0241900895593534
6.4,0.0954679400806262,0.0241846710513517
6.45,0.0962137833625061,0.0241791489373124
6.5,0.096959626644386,0.0241735215759981
6.55,0.0977054699262659,0.0241677873075847
6.59999999999999,0.0984513132081457,0.0241619444536554
6.65,0.0991971564900257,0.0241559913172004
6.7,0.0999429997719055,0.0241499261826213
6.75,0.100688843053785,0.0241437473157415
6.8,0.101434686335665,0.0241374529638211
6.84999999999999,0.102180529617545,0.024131041355578
6.9,0.102926372899425,0.0241245107012142
6.95,0.103672216181305,0.0241178591924481
7,0.104418059463185,0.0241110850025526
7.05,0.105163902745065,0.0241041862863987
7.09999999999999,0.105909746026945,0.0240971611805059
7.15,0.106655589308825,0.0240900078030981
7.2,0.107401432590704,0.0240827242541663
7.25,0.108147275872584,0.0240753086155369
7.3,0.108893119154464,0.0240677589509474
7.34999999999999,0.109638962436344,0.0240600733061282
7.4,0.110384805718224,0.0240522497088905
7.45,0.111130649000104,0.0240442861692225
7.5,0.111876492281984,0.0240361806793908
7.55,0.112622335563864,0.0240279312140498
7.59999999999999,0.113368178845744,0.0240195357303578
7.65,0.114114022127624,0.0240109921681005
7.7,0.114859865409503,0.0240022984498214
7.75,0.115605708691383,0.0239934524809598
7.8,0.116351551973263,0.0239844521499963
7.84999999999999,0.117097395255143,0.0239752953286057
7.9,0.117843238537023,0.0239659798718174
7.95,0.118589081818903,0.0239565036181838
8,0.119334925100783,0.0239468643899565
8.05,0.120080768382663,0.0239370599932696
8.09999999999999,0.120826611664542,0.0239270882183324
8.15,0.121572454946422,0.0239169468396287
8.2,0.122318298228302,0.0239066336161248
8.25,0.123064141510182,0.0238961462914861
8.3,0.123809984792062,0.0238854825943012
8.34999999999999,0.124555828073942,0.0238746402383146
8.4,0.125301671355822,0.023863616922668
8.45,0.126047514637702,0.0238524103321496
8.5,0.126793357919582,0.0238410181374527
8.55,0.127539201201462,0.0238294379954415
8.59999999999999,0.128285044483341,0.0238176675494272
8.65,0.129030887765221,0.0238057044294515
8.7,0.129776731047101,0.0237935462525791
8.75,0.130522574328981,0.0237811906231994
8.8,0.131268417610861,0.0237686351333365
8.84999999999999,0.132014260892741,0.0237558773629686
8.9,0.132760104174621,0.0237429148803555
8.95,0.133505947456501,0.0237297452423757
9,0.134251790738381,0.0237163659948722
9.05,0.13499763402026,0.0237027746730072
9.09999999999999,0.13574347730214,0.0236889688016259
9.15,0.13648932058402,0.0236749458956296
9.2,0.1372351638659,0.0236607034603568
9.25,0.13798100714778,0.0236462389919749
9.3,0.13872685042966,0.0236315499778794
9.34999999999999,0.13947269371154,0.0236166338971033
9.4,0.14021853699342,0.0236014882207349
9.45,0.1409643802753,0.0235861104123452
9.5,0.14171022355718,0.0235704979284232
9.55,0.142456066839059,0.023554648218822
9.59999999999999,0.143201910120939,0.0235385587272122
9.65,0.143947753402819,0.0235222268915455
9.7,0.144693596684699,0.0235056501445263
9.75,0.145439439966579,0.0234888259140932
9.8,0.146185283248459,0.0234717516239086
9.84999999999999,0.146931126530339,0.0234544246938575
9.9,0.147676969812219,0.023436842540555
9.95,0.148422813094099,0.0234190025778631
10,0.149168656375978,0.0234009022174152
10.05,0.149914499657858,0.0233825388691499
10.1,0.150660342939738,0.0233639099418539
10.15,0.151406186221618,0.0233450128437119
10.2,0.152152029503498,0.0233258449828668
10.25,0.152897872785378,0.0233064037679868
10.3,0.153643716067258,0.0232866866088415
10.35,0.154389559349138,0.0232666909168863
10.4,0.155135402631018,0.0232464141058544
10.45,0.155881245912897,0.0232258535923575
10.5,0.156627089194777,0.0232050067964936
10.55,0.157372932476657,0.0231838711424635
10.6,0.158118775758537,0.0231624440591944
10.65,0.158864619040417,0.0231407229809713
10.7,0.159610462322297,0.0231187053480758
10.75,0.160356305604177,0.0230963886074323
10.8,0.161102148886057,0.0230737702132616
10.85,0.161847992167937,0.0230508476277409
10.9,0.162593835449817,0.0230276183216719
10.95,0.163339678731696,0.0230040797751543
11,0.164085522013576,0.0229802294782671
11.05,0.164831365295456,0.0229560649317558
11.1,0.165577208577336,0.0229315836477258
11.15,0.166323051859216,0.0229067831503426
11.2,0.167068895141096,0.0228816609765373
11.25,0.167814738422976,0.0228562146767181
11.3,0.168560581704856,0.0228304418154878
11.35,0.169306424986736,0.0228043399723659
11.4,0.170052268268615,0.0227779067425171
11.45,0.170798111550495,0.0227511397374837
11.5,0.171543954832375,0.0227240365859236
11.55,0.172289798114255,0.0226965949343527
11.6,0.173035641396135,0.0226688124478917
11.65,0.173781484678015,0.0226406868110169
11.7,0.174527327959895,0.0226122157283157
11.75,0.175273171241775,0.0225833969252449
11.8,0.176019014523655,0.0225542281488935
11.85,0.176764857805535,0.022524707168748
11.9,0.177510701087414,0.0224948317774613
11.95,0.178256544369294,0.0224645997916241
12,0.179002387651174,0.0224340090525391
12.05,0.179748230933054,0.0224030574269974
12.1,0.180494074214934,0.0223717428080573
12.15,0.181239917496814,0.0223400631158239
12.2,0.181985760778694,0.0223080162982319
12.25,0.182731604060574,0.0222756003318279
12.3,0.183477447342453,0.0222428132225553
12.35,0.184223290624333,0.0222096530065386
12.4,0.184969133906213,0.0221761177508691
12.45,0.185714977188093,0.0221422055543905
12.5,0.186460820469973,0.0221079145484839
12.55,0.187206663751853,0.0220732428978533
12.6,0.187952507033733,0.0220381888013097
12.65,0.188698350315613,0.0220027504925547
12.7,0.189444193597493,0.021966926240962
12.75,0.190190036879373,0.0219307143523586
12.8,0.190935880161252,0.0218941131698031
12.85,0.191681723443132,0.0218571210743618
12.9,0.192427566725012,0.0218197364858832
12.95,0.193173410006892,0.0217819578637687
13,0.193919253288772,0.021743783707741
13.05,0.194665096570652,0.0217052125586079
13.1,0.195410939852532,0.0216662429990239
13.15,0.196156783134412,0.0216268736542466
13.2,0.196902626416292,0.0215871031928888
13.25,0.197648469698171,0.0215469303276666
13.3,0.198394312980051,0.0215063538161415
13.35,0.199140156261931,0.0214653724614578
13.4,0.199885999543811,0.0214239851130745
13.45,0.200631842825691,0.0213821906674899
13.5,0.201377686107571,0.0213399880689619
13.55,0.202123529389451,0.0212973763102196
13.6,0.202869372671331,0.0212543544331694
13.65,0.203615215953211,0.0212109215295926
13.7,0.20436105923509,0.0211670767418366
13.75,0.20510690251697,0.0211228192634971
13.8,0.20585274579885,0.0210781483400923
13.85,0.20659858908073,0.0210330632697286
13.9,0.20734443236261,0.0209875634037574
13.95,0.20809027564449,0.0209416481474222
14,0.20883611892637,0.0208953169604966
14.05,0.20958196220825,0.0208485693579118
14.1,0.21032780549013,0.0208014049103747
14.15,0.21107364877201,0.0207538232449744
14.2,0.211819492053889,0.0207058240457783
14.25,0.212565335335769,0.0206574070544173
14.3,0.213311178617649,0.0206085720706589
14.35,0.214057021899529,0.0205593189529689
14.4,0.214802865181409,0.0205096476190603
14.45,0.215548708463289,0.0204595580464307
14.5,0.216294551745169,0.0204090502728862
14.55,0.217040395027049,0.0203581243970523
14.6,0.217786238308929,0.0203067805788717
14.65,0.218532081590808,0.0202550190400884
14.7,0.219277924872688,0.0202028400647175
14.75,0.220023768154568,0.0201502439995013
14.8,0.220769611436448,0.0200972312543503
14.85,0.221515454718328,0.0200438023027696
14.9,0.222261298000208,0.0199899576822708
14.95,0.223007141282088,0.0199356979947671
15,0.223752984563968,0.0198810239069547
15.05,0.224498827845848,0.0198259361506762
15.1,0.225244671127728,0.0197704355232698
15.15,0.225990514409607,0.0197145228879007
15.2,0.226736357691487,0.0196581991738765
15.25,0.227482200973367,0.0196014653769457
15.3,0.228228044255247,0.0195443225595787
15.35,0.228973887537127,0.0194867718512317
15.4,0.229719730819007,0.019428814448593
15.45,0.230465574100887,0.0193704516158115
15.5,0.231211417382767,0.0193116846847071
15.55,0.231957260664647,0.019252515054963
15.6,0.232703103946526,0.0191929441942991
15.65,0.233448947228406,0.0191329736386277
15.7,0.234194790510286,0.0190726049921894
15.75,0.234940633792166,0.0190118399276706
15.8,0.235686477074046,0.0189506801863016
15.85,0.236432320355926,0.0188891275779356
15.9,0.237178163637806,0.0188271839811079
15.95,0.237924006919686,0.0187648513430759
16,0.238669850201566,0.0187021316798385
16.05,0.239415693483445,0.0186390270761367
16.1,0.240161536765325,0.0185755396854333
16.15,0.240907380047205,0.0185116717298726
16.2,0.241653223329085,0.0184474255002203
16.25,0.242399066610965,0.0183828033557821
16.3,0.243144909892845,0.018317807724303
16.35,0.243890753174725,0.0182524411018451
16.4,0.244636596456605,0.0181867060526451
16.45,0.245382439738485,0.018120605208951
16.5,0.246128283020365,0.0180541412708383
16.55,0.246874126302244,0.0179873170060051
16.6,0.247619969584124,0.0179201352495463
16.65,0.248365812866004,0.0178525989037074
16.7,0.249111656147884,0.0177847109376163
16.75,0.249857499429764,0.0177164743869958
16.8,0.250603342711644,0.0176478923538534
16.85,0.251349185993524,0.0175789680061513
16.9,0.252095029275404,0.0175097045774551
16.95,0.252840872557283,0.0174401053665619
17,0.253586715839163,0.0173701737371066
17.05,0.254332559121043,0.0172999131171487
17.1,0.255078402402923,0.017229326998737
17.15,0.255824245684803,0.0171584189374546
17.2,0.256570088966683,0.0170871925519426
17.25,0.257315932248563,0.0170156515234032
17.3,0.258061775530443,0.0169437995950831
17.35,0.258807618812323,0.016871640571735
17.4,0.259553462094203,0.0167991783190604
17.45,0.260299305376082,0.0167264167631312
17.5,0.261045148657962,0.0166533598897911
17.55,0.261790991939842,0.0165800117440384
17.6,0.262536835221722,0.016506376429387
17.65,0.263282678503602,0.0164324581072095
17.7,0.264028521785482,0.0163582609960599
17.75,0.264774365067362,0.016283789370977
17.8,0.265520208349242,0.0162090475627694
17.85,0.266266051631122,0.0161340399572804
17.9,0.267011894913001,0.0160587709946354
17.95,0.267757738194881,0.0159832451684693
18,0.268503581476761,0.0159074670251373
18.05,0.269249424758641,0.0158314411629059
18.1,0.269995268040521,0.0157551722311274
18.15,0.270741111322401,0.0156786649293956
18.2,0.271486954604281,0.0156019240066853
18.25,0.272232797886161,0.0155249542604734
18.3,0.272978641168041,0.0154477605358443
18.35,0.27372448444992,0.0153703477245777
18.4,0.2744703277318,0.0152927207642212
18.45,0.27521617101368,0.0152148846371457
18.5,0.27596201429556,0.0151368443695861
18.55,0.27670785757744,0.0150586050306656
18.6,0.27745370085932,0.014980171731406
18.65,0.2781995441412,0.0149015496237224
18.7,0.27894538742308,0.0148227438994038
18.75,0.27969123070496,0.0147437597890792
18.8,0.28043707398684,0.0146646025611708
18.85,0.281182917268719,0.0145852775208325
18.9,0.281928760550599,0.0145057900088768
18.95,0.282674603832479,0.0144261454006877
19,0.283420447114359,0.0143463491051218
19.05,0.284166290396239,0.014266406563398
19.1,0.284912133678119,0.0141863232479742
19.15,0.285657976959999,0.0141061046614145
19.2,0.286403820241879,0.0140257563352443
19.25,0.287149663523759,0.0139452838287957
19.3,0.287895506805638,0.0138646927280424
19.35,0.288641350087518,0.0137839886444256
19.4,0.289387193369398,0.0137031772136703
19.45,0.290133036651278,0.0136222640945928
19.5,0.290878879933158,0.0135412549679002
19.55,0.291624723215038,0.0134601555349819
19.6,0.292370566496918,0.0133789715166931
19.65,0.293116409778798,0.0132977086521322
19.7,0.293862253060678,0.0132163726974108
19.75,0.294608096342558,0.0131349694244175
19.8,0.295353939624437,0.0130535046195771
19.85,0.296099782906317,0.0129719840826029
19.9,0.296845626188197,0.0128904136252452
19.95,0.297591469470077,0.0128087990700357
20,0.298337312751957,0.0127271462490266
20.05,0.299083156033837,0.012645461002528
20.1,0.299828999315717,0.0125637491778406
20.15,0.300574842597597,0.0124820166279876
20.2,0.301320685879477,0.0124002692104427
20.25,0.302066529161356,0.0123185127858578
20.3,0.302812372443236,0.0122367532167891
20.35,0.303558215725116,0.0121549963664225
20.4,0.304304059006996,0.0120732480972987
20.45,0.305049902288876,0.0119915142700386
20.5,0.305795745570756,0.0119098007420697
20.55,0.306541588852636,0.011828113366353
20.6,0.307287432134516,0.0117464579901119
20.65,0.308033275416396,0.0116648404535636
20.7,0.308779118698275,0.0115832665886521
20.75,0.309524961980155,0.0115017422177853
20.8,0.310270805262035,0.0114202731525745
20.85,0.311016648543915,0.0113388651925784
20.9,0.311762491825795,0.0112575241240517
20.95,0.312508335107675,0.011176255718698
21,0.313254178389555,0.0110950657324282
21.05,0.314000021671435,0.0110139599041246
21.1,0.314745864953315,0.0109329439544115
21.15,0.315491708235195,0.0108520235844316
21.2,0.316237551517074,0.0107712044746304
21.25,0.316983394798954,0.0106904922835473
21.3,0.317729238080834,0.0106098926466153
21.35,0.318475081362714,0.0105294111749683
21.4,0.319220924644594,0.0104490534542579
21.45,0.319966767926474,0.0103688250434789
21.5,0.320712611208354,0.0102887314738042
21.55,0.321458454490234,0.0102087782474308
21.6,0.322204297772114,0.0101289708364344
21.65,0.322950141053993,0.0100493146816367
21.7,0.323695984335873,0.00996981519148254
21.75,0.324441827617753,0.00989047774092926
21.8,0.325187670899633,0.00981130767034779
21.85,0.325933514181513,0.00973231028443618
21.9,0.326679357463393,0.00965349085114575
21.95,0.327425200745273,0.00957485460062043
22,0.328171044027153,0.00949640672414938
22.05,0.328916887309033,0.00941815237313346
22.1,0.329662730590912,0.00934009665806585
22.15,0.330408573872792,0.009262244647527
22.2,0.331154417154672,0.00918460136719453
22.25,0.331900260436552,0.00910717179886805
22.3,0.332646103718432,0.00902996087950949
22.35,0.333391947000312,0.00895297350029919
22.4,0.334137790282192,0.00887621450570791
22.45,0.334883633564072,0.0087996886925852
22.5,0.335629476845952,0.00872340080926435
22.55,0.336375320127831,0.00864735555468423
22.6,0.337121163409711,0.00857155757752819
22.65,0.337867006691591,0.00849601147538044
22.7,0.338612849973471,0.00842072179390004
22.75,0.339358693255351,0.00834569302601266
22.8,0.340104536537231,0.00827092961112065
22.85,0.340850379819111,0.00819643593433129
22.9,0.341596223100991,0.00812221632570359
22.95,0.342342066382871,0.00804827505951397
23,0.343087909664751,0.00797461635354077
23.05,0.34383375294663,0.00790124436836792
23.1,0.34457959622851,0.00782816320670798
23.15,0.34532543951039,0.00775537691274461
23.2,0.34607128279227,0.00768288947149472
23.25,0.34681712607415,0.00761070480819042
23.3,0.34756296935603,0.00753882678768085
23.35,0.34830881263791,0.0074672592138542
23.4,0.34905465591979,0.00739600582907982
23.45,0.34980049920167,0.00732507031367066
23.5,0.350546342483549,0.00725445628536618
23.55,0.351292185765429,0.00718416729883573
23.6,0.352038029047309,0.00711420684520251
23.65,0.352783872329189,0.00704457835158819
23.7,0.353529715611069,0.00697528518067839
23.75,0.354275558892949,0.00690633063030877
23.8,0.355021402174829,0.00683771793307214
23.85,0.355767245456709,0.00676945025594629
23.9,0.356513088738589,0.00670153069994291
23.95,0.357258932020468,0.00663396229977727
24,0.358004775302348,0.00656674802355899
24.05,0.358750618584228,0.00649989077250363
24.1,0.359496461866108,0.00643339338066537
24.15,0.360242305147988,0.00636725861469045
24.2,0.360988148429868,0.0063014891735916
24.25,0.361733991711748,0.00623608768854338
24.3,0.362479834993628,0.00617105672269816
24.35,0.363225678275508,0.00610639877102311
24.4,0.363971521557387,0.00604211626015772
24.45,0.364717364839267,0.005978211548292
24.5,0.365463208121147,0.00591468692506529
24.55,0.366209051403027,0.00585154461148548
24.6,0.366954894684907,0.00578878675986866
24.65,0.367700737966787,0.00572641545379898
24.7,0.368446581248667,0.00566443270810877
24.75,0.369192424530547,0.00560284046887861
24.8,0.369938267812427,0.00554164061345737
24.85,0.370684111094306,0.00548083495050202
24.9,0.371429954376186,0.00542042522003706
24.95,0.372175797658066,0.00536041309353346
25,0.372921640939946,0.00530080017400696
25.05,0.373667484221826,0.0052415879961354
25.1,0.374413327503706,0.00518277802639524
25.15,0.375159170785586,0.00512437166321672
25.2,0.375905014067466,0.00506637023715773
25.25,0.376650857349346,0.00500877501109609
25.3,0.377396700631226,0.00495158718044005
25.35,0.378142543913105,0.00489480787335682
25.4,0.378888387194985,0.00483843815101892
25.45,0.379634230476865,0.0047824790078681
25.5,0.380380073758745,0.00472693137189662
25.55,0.381125917040625,0.00467179610494572
25.6,0.381871760322505,0.00461707400302088
25.65,0.382617603604385,0.00456276579662384
25.7,0.383363446886265,0.00450887215110094
25.75,0.384109290168145,0.00445539366700769
25.8,0.384855133450024,0.00440233088048915
25.85,0.385600976731904,0.00434968426367603
25.9,0.386346820013784,0.00429745422509605
25.95,0.387092663295664,0.00424564111010046
26,0.387838506577544,0.00419424520130537
26.05,0.388584349859424,0.00414326671904757
26.1,0.389330193141304,0.00409270582185463
26.15,0.390076036423184,0.00404256260692894
26.2,0.390821879705064,0.00399283711064541
26.25,0.391567722986944,0.00394352930906259
26.3,0.392313566268823,0.00389463911844674
26.35,0.393059409550703,0.00384616639580879
26.4,0.393805252832583,0.00379811093945372
26.45,0.394551096114463,0.00375047248954204
26.5,0.395296939396343,0.00370325072866318
26.55,0.396042782678223,0.00365644528242038
26.6,0.396788625960103,0.00361005572002676
26.65,0.397534469241983,0.00356408155491237
26.7,0.398280312523863,0.00351852224534173
26.75,0.399026155805742,0.00347337719504164
26.8,0.399771999087622,0.003428645753839
26.85,0.400517842369502,0.0033843272183081
26.9,0.401263685651382,0.00334042083242732
26.95,0.402009528933262,0.00329692578824473
27,0.402755372215142,0.00325384122655231
27.05,0.403501215497022,0.00321116623756852
27.1,0.404247058778902,0.00316889986162877
27.15,0.404992902060782,0.00312704108988362
27.2,0.405738745342661,0.00308558886500427
27.25,0.406484588624541,0.00304454208189499
27.3,0.407230431906421,0.00300389958841229
27.35,0.407976275188301,0.00296366018609038
27.4,0.408722118470181,0.00292382263087265
27.45,0.409467961752061,0.00288438563384883
27.5,0.410213805033941,0.00284534786199751
27.55,0.410959648315821,0.0028067079389337
27.6,0.411705491597701,0.00276846444566109
27.65,0.412451334879581,0.00273061592132868
27.7,0.41319717816146,0.00269316086399152
27.75,0.41394302144334,0.00265609773137515
27.8,0.41468886472522,0.00261942494164354
27.85,0.4154347080071,0.00258314087417005
27.9,0.41618055128898,0.0025472438703113
27.95,0.41692639457086,0.00251173223418345
28,0.41767223785274,0.00247660423344068
28.05,0.41841808113462,0.00244185810005564
28.1,0.4191639244165,0.00240749167371036
28.15,0.419909767698379,0.00237350312026214
28.2,0.420655610980259,0.00233989057222814
28.25,0.421401454262139,0.00230665212957024
28.3,0.422147297544019,0.0022737858604801
28.35,0.422893140825899,0.00224128980216446
28.4,0.423638984107779,0.00220916196163017
28.45,0.424384827389659,0.0021774003164688
28.5,0.425130670671539,0.00214600281564052
28.55,0.425876513953419,0.0021149673802569
28.6,0.426622357235298,0.00208429190436247
28.65,0.427368200517178,0.00205397425571473
28.7,0.428114043799058,0.0020240122765623
28.75,0.428859887080938,0.00199440378442105
28.8,0.429605730362818,0.00196514657284782
28.85,0.430351573644698,0.00193623841221161
28.9,0.431097416926578,0.00190767705046197
28.95,0.431843260208458,0.00187946021389417
29,0.432589103490338,0.00185158560791126
29.05,0.433334946772217,0.0018240509177824
29.1,0.434080790054097,0.00179685380939754
29.15,0.434826633335977,0.00176999193001801
29.2,0.435572476617857,0.00174346290902298
29.25,0.436318319899737,0.00171726435865137
29.3,0.437064163181617,0.00169139387473922
29.35,0.437810006463497,0.00166584903745211
29.4,0.438555849745377,0.00164062741201262
29.45,0.439301693027257,0.00161572654942246
29.5,0.440047536309137,0.00159114398717918
29.55,0.440793379591016,0.00156687724998726
29.6,0.441539222872896,0.00154292385046338
29.65,0.442285066154776,0.00151928128983569
29.7,0.443030909436656,0.00149594705863694
29.75,0.443776752718536,0.00147291863739127
29.8,0.444522596000416,0.00145019349729447
29.85,0.445268439282296,0.0014277691008877
29.9,0.446014282564176,0.00140564290272425
29.95,0.446760125846056,0.00138381235002953
30,0.447505969127935,0.00136227488335382
30.05,0.448251812409815,0.00134102793721791
30.1,0.448997655691695,0.00132006894075131
30.15,0.449743498973575,0.001299395318323
30.2,0.450489342255455,0.00127900449016458
30.25,0.451235185537335,0.0012588938729857
30.3,0.451981028819215,0.00123906088058166
30.35,0.452726872101095,0.00121950292443307
30.4,0.453472715382975,0.00120021741429744
30.45,0.454218558664854,0.00118120175879267
30.5,0.454964401946734,0.00116245336597233
30.55,0.455710245228614,0.00114396964389253
30.6,0.456456088510494,0.00112574800117054
30.65,0.457201931792374,0.00110778584753479
30.7,0.457947775074254,0.00109008059436641
30.75,0.458693618356134,0.00107262965523214
30.8,0.459439461638014,0.00105543044640856
30.85,0.460185304919894,0.00103848038739758
30.9,0.460931148201773,0.00102177690143316
30.95,0.461676991483653,0.00100531741597917
31,0.462422834765533,0.000989099363218402
31.05,0.463168678047413,0.000973120180532622
31.1,0.463914521329293,0.000957377310973723
31.15,0.464660364611173,0.000941868203725847
31.2,0.465406207893053,0.000926590314558514
31.25,0.466152051174933,0.000911541106270725
31.3,0.466897894456813,0.000896718049125998
31.35,0.467643737738693,0.000882118621278366
31.4,0.468389581020572,0.000867740309189271
31.45,0.469135424302452,0.000853580608035415
31.5,0.469881267584332,0.000839637022107501
31.55,0.470627110866212,0.000825907422590852
31.6,0.471372954148092,0.000812389330263472
31.65,0.472118797429972,0.000799080276167095
31.7,0.472864640711852,0.000785977801969827
31.75,0.473610483993732,0.000773079460319755
31.8,0.474356327275612,0.00076038281518956
31.85,0.475102170557491,0.000747885442212144
31.9,0.475848013839371,0.000735584929007305
31.95,0.476593857121251,0.000723478875499497
32,0.477339700403131,0.000711564894226701
32.05,0.478085543685011,0.00069984061064045
32.1,0.478831386966891,0.00068830366339706
32.15,0.479577230248771,0.000676951704640084
32.2,0.480323073530651,0.000665782400274075
32.25,0.481068916812531,0.000654793430229671
32.3,0.48181476009441,0.000643982488720086
32.35,0.48256060337629,0.000633347284489043
32.4,0.48330644665817,0.00062288554105022
32.45,0.48405228994005,0.000612594996918269
32.5,0.48479813322193,0.000602473405831462
32.55,0.48554397650381,0.000592518536966049
32.6,0.48628981978569,0.000582728175142381
32.65,0.48703566306757,0.000573100121022884
32.7,0.48778150634945,0.000563632191301939
32.75,0.48852734963133,0.000554322218887766
32.8,0.489273192913209,0.000545168053076375
32.85,0.490019036195089,0.000536167559717672
32.9,0.490764879476969,0.000527318621373791
32.95,0.491510722758849,0.000518619137469757
33,0.492256566040729,0.000510067024436544
33.05,0.493002409322609,0.000501660215846626
33.1,0.493748252604489,0.000493396662542112
33.15,0.494494095886369,0.000485274332755551
33.2,0.495239939168249,0.0004772912122235
33.25,0.495985782450128,0.000469445304292953
33.3,0.496731625732008,0.000461734630020719
33.35,0.497477469013888,0.000454157228265852
33.4,0.498223312295768,0.000446711155775226
33.45,0.498969155577648,0.000439394487262358
33.5,0.499714998859528,0.000432205315479572
33.55,0.500460842141408,0.00042514175128361
33.6,0.501206685423288,0.000418201923694797
33.65,0.501952528705168,0.000411383979949841
33.7,0.502698371987048,0.000404686085548403
33.75,0.503444215268927,0.000398106424293514
33.8,0.504190058550807,0.000391643198325951
33.85,0.504935901832687,0.000385294628152691
33.9,0.505681745114567,0.000379058952669526
33.95,0.506427588396447,0.000372934429177962
34,0.507173431678327,0.000366919333396503
34.05,0.507919274960207,0.000361011959466429
34.1,0.508665118242087,0.000355210619952163
34.15,0.509410961523966,0.000349513645836356
34.2,0.510156804805846,0.000343919386509782
34.25,0.510902648087726,0.000338426209756151
34.3,0.511648491369606,0.000333032501731954
34.35,0.512394334651486,0.000327736666941443
34.4,0.513140177933366,0.000322537128206861
34.45,0.513886021215246,0.000317432326634009
34.5,0.514631864497126,0.00031242072157329
34.55,0.515377707779006,0.000307500790576305
34.6,0.516123551060886,0.000302671029348123
34.65,0.516869394342765,0.000297929951695339
34.7,0.517615237624645,0.000293276089470005
34.75,0.518361080906525,0.000288707992509556
34.8,0.519106924188405,0.000284224228572833
34.85,0.519852767470285,0.000279823383272305
34.9,0.520598610752165,0.00027550406000259
34.95,0.521344454034045,0.000271264879865391
35,0.522090297315925,0.000267104481590938
35.05,0.522836140597805,0.000263021521456042
35.1,0.523581983879685,0.000259014673198865
35.15,0.524327827161564,0.000255082627930503
35.2,0.525073670443444,0.000251224094043482
35.25,0.525819513725324,0.000247437797117275
35.3,0.526565357007204,0.000243722479820918
35.35,0.527311200289084,0.00024007690181285
35.4,0.528057043570964,0.000236499839638046
35.45,0.528802886852844,0.00023299008662256
35.5,0.529548730134724,0.000229546452765562
35.55,0.530294573416603,0.000226167764628958
35.6,0.531040416698483,0.000222852865224706
35.65,0.531786259980363,0.00021960061389989
35.7,0.532532103262243,0.000216409886219671
35.75,0.533277946544123,0.000213279573848185
35.8,0.534023789826003,0.000210208584427482
35.85,0.534769633107883,0.000207195841454602
35.9,0.535515476389763,0.000204240284156857
35.95,0.536261319671643,0.000201340867365417
36,0.537007162953523,0.000198496561387284
36.05,0.537753006235402,0.000195706351875723
36.1,0.538498849517282,0.000192969239699249
36.15,0.539244692799162,0.000190284240809241
36.2,0.539990536081042,0.000187650386106254
36.25,0.540736379362922,0.000185066721305125
36.3,0.541482222644802,0.000182532306798938
36.35,0.542228065926682,0.000180046217521917
36.4,0.542973909208562,0.000177607542811339
36.45,0.543719752490442,0.00017521538626852
36.5,0.544465595772321,0.000172868865618958
36.55,0.545211439054201,0.000170567112571701
36.6,0.545957282336081,0.000168309272678004
36.65,0.546703125617961,0.000166094505189342
36.7,0.547448968899841,0.000163921982914855
36.75,0.548194812181721,0.000161790892078277
36.8,0.548940655463601,0.000159700432174422
36.85,0.549686498745481,0.00015764981582528
36.9,0.550432342027361,0.000155638268635796
36.95,0.551178185309241,0.000153665029049378
37,0.55192402859112,0.000151729348203204
37.05,0.552669871873,0.000149830489783372
37.1,0.55341571515488,0.000147967729879964
37.15,0.55416155843676,0.000146140356842065
37.2,0.55490740171864,0.0001443476711328
37.25,0.55565324500052,0.000142588985184426
37.3,0.5563990882824,0.000140863623253552
37.35,0.55714493156428,0.000139170921276511
37.4,0.55789077484616,0.000137510226724954
37.45,0.558636618128039,0.000135880898461697
37.5,0.559382461409919,0.000134282306596868
37.55,0.560128304691799,0.000132713832344413
37.6,0.560874147973679,0.000131174867878983
37.65,0.561619991255559,0.000129664816193254
37.7,0.562365834537439,0.000128183090955725
37.75,0.563111677819319,0.000126729116369022
37.8,0.563857521101199,0.000125302327028752
37.85,0.564603364383079,0.000123902167782946
37.9,0.565349207664958,0.000122528093592122
37.95,0.566095050946838,0.000121179569390002
38,0.566840894228718,0.000119856069944923
38.05,0.567586737510598,0.000118557079721962
38.1,0.568332580792478,0.000117282092745822
38.15,0.569078424074358,0.000116030612464494
38.2,0.569824267356238,0.00011480215161373
38.25,0.570570110638118,0.000113596232082356
38.3,0.571315953919998,0.00011241238477845
38.35,0.572061797201878,0.000111250149496412
38.4,0.572807640483757,0.000110109074784943
38.45,0.573553483765637,0.000108988717815969
38.5,0.574299327047517,0.000107888644254521
38.55,0.575045170329397,0.000106808428129601
38.6,0.575791013611277,0.000105747651706047
38.65,0.576536856893157,0.000104705905357419
38.7,0.577282700175037,0.000103682787439935
38.75,0.578028543456917,0.000102677904167449
38.8,0.578774386738797,0.00010169086948752
38.85,0.579520230020676,0.00010072130495856
38.9,0.580266073302556,9.97688396280905e-05
38.95,0.581011916584436,9.88331099121218e-05
39,0.581757759866316,9.79137594756601e-05
39.05,0.582503603148196,9.70104391143606e-05
39.1,0.583249446430076,9.61228066373374e-05
39.15,0.583995289711956,9.52505267511392e-05
39.2,0.584741132993836,9.43932709449022e-05
39.25,0.585486976275716,9.3550717376688e-05
39.3,0.586232819557595,9.27225507610161e-05
39.35,0.586978662839475,9.19084622575975e-05
39.4,0.587724506121355,9.11081493612765e-05
39.45,0.588470349403235,9.03213157931879e-05
39.5,0.589216192685115,8.95476713931334e-05
39.55,0.589962035966995,8.8786932013183e-05
39.6,0.590707879248875,8.80388194125053e-05
39.65,0.591453722530755,8.73030611534305e-05
39.7,0.592199565812635,8.65793904987483e-05
39.75,0.592945409094515,8.58675463102431e-05
39.8,0.593691252376394,8.51672729484693e-05
39.85,0.594437095658274,8.44783201737652e-05
39.9,0.595182938940154,8.38004430485095e-05
39.95,0.595928782222034,8.31334018406168e-05
40,0.596674625503914,8.24769619282742e-05
40.05,0.597420468785794,8.18308937059169e-05
40.1,0.598166312067674,8.11949724914405e-05
40.15,0.598912155349554,8.05689784346495e-05
40.2,0.599657998631434,7.99526964269379e-05
40.25,0.600403841913313,7.93459160122001e-05
40.3,0.601149685195193,7.8748431298968e-05
40.35,0.601895528477073,7.81600408737703e-05
40.4,0.602641371758953,7.75805477157103e-05
40.45,0.603387215040833,7.70097591122573e-05
40.5,0.604133058322713,7.64474865762459e-05
40.55,0.604878901604593,7.58935457640787e-05
40.6,0.605624744886473,7.53477563951261e-05
40.65,0.606370588168353,7.48099421723171e-05
40.7,0.607116431450233,7.42799307039144e-05
40.75,0.607862274732112,7.37575534264676e-05
40.8,0.608608118013992,7.32426455289373e-05
40.85,0.609353961295872,7.2735045877981e-05
40.9,0.610099804577752,7.22345969443969e-05
40.95,0.610845647859632,7.17411447307128e-05
41,0.611591491141512,7.12545386999165e-05
41.05,0.612337334423392,7.0774631705316e-05
41.1,0.613083177705272,7.0301279921522e-05
41.15,0.613829020987151,6.98343427765443e-05
41.2,0.614574864269031,6.93736828849921e-05
41.25,0.615320707550911,6.89191659823693e-05
41.3,0.616066550832791,6.84706608604555e-05
41.35,0.616812394114671,6.80280393037618e-05
41.4,0.617558237396551,6.75911760270542e-05
41.45,0.618304080678431,6.71599486139307e-05
41.5,0.619049923960311,6.67342374564465e-05
41.55,0.619795767242191,6.63139256957722e-05
41.6,0.620541610524071,6.58988991638793e-05
41.65,0.62128745380595,6.5489046326238e-05
41.7,0.62203329708783,6.50842582255207e-05
41.75,0.62277914036971,6.46844284262968e-05
41.8,0.62352498365159,6.42894529607111e-05
41.85,0.62427082693347,6.38992302751324e-05
41.9,0.62501667021535,6.35136611777626e-05
41.95,0.62576251349723,6.31326487871951e-05
42,0.62650835677911,6.2756098481911e-05
42.05,0.62725420006099,6.23839178507016e-05
42.1,0.62800004334287,6.20160166440071e-05
42.15,0.628745886624749,6.16523067261591e-05
42.2,0.629491729906629,6.12927020285153e-05
42.25,0.630237573188509,6.09371185034775e-05
42.3,0.630983416470389,6.05854740793773e-05
42.35,0.631729259752269,6.02376886162225e-05
42.4,0.632475103034149,5.98936838622898e-05
42.45,0.633220946316029,5.95533834115537e-05
42.5,0.633966789597909,5.92167126619396e-05
42.55,0.634712632879788,5.88835987743908e-05
42.6,0.635458476161668,5.85539706327364e-05
42.65,0.636204319443548,5.82277588043504e-05
42.7,0.636950162725428,5.79048955015887e-05
42.75,0.637696006007308,5.75853145439957e-05
42.8,0.638441849289188,5.72689513212657e-05
42.85,0.639187692571068,5.69557427569504e-05
42.9,0.639933535852948,5.66456272729007e-05
42.95,0.640679379134828,5.63385447544314e-05
43,0.641425222416708,5.60344365161973e-05
43.05,0.642171065698587,5.57332452687709e-05
43.1,0.642916908980467,5.54349150859098e-05
43.15,0.643662752262347,5.51393913725032e-05
43.2,0.644408595544227,5.48466208331864e-05
43.25,0.645154438826107,5.45565514416134e-05
43.3,0.645900282107987,5.42691324103751e-05
43.35,0.646646125389867,5.39843141615553e-05
43.4,0.647391968671747,5.37020482979106e-05
43.45,0.648137811953627,5.34222875746671e-05
43.5,0.648883655235506,5.31449858719206e-05
43.55,0.649629498517386,5.28700981676319e-05
43.6,0.650375341799266,5.2597580511207e-05
43.65,0.651121185081146,5.23273899976501e-05
43.7,0.651867028363026,5.20594847422823e-05
43.75,0.652612871644906,5.17938238560136e-05
43.8,0.653358714926786,5.153036742116e-05
43.85,0.654104558208666,5.1269076467795e-05
43.9,0.654850401490546,5.10099129506265e-05
43.95,0.655596244772426,5.07528397263888e-05
44,0.656342088054305,5.04978205317416e-05
44.05,0.657087931336185,5.02448199616653e-05
44.1,0.657833774618065,4.99938034483441e-05
44.15,0.658579617899945,4.97447372405277e-05
44.2,0.659325461181825,4.94975883833628e-05
44.25,0.660071304463705,4.92523246986845e-05
44.3,0.660817147745585,4.90089147657609e-05
44.35,0.661562991027465,4.87673279024792e-05
44.4,0.662308834309345,4.85275341469686e-05
44.45,0.663054677591224,4.8289504239647e-05
44.5,0.663800520873104,4.80532096056876e-05
44.55,0.664546364154984,4.7818622337894e-05
44.6,0.665292207436864,4.75857151799771e-05
44.65,0.666038050718744,4.73544615102255e-05
44.7,0.666783894000624,4.71248353255614e-05
44.75,0.667529737282504,4.68968112259744e-05
44.8,0.668275580564384,4.66703643993256e-05
44.85,0.669021423846264,4.64454706065136e-05
44.9,0.669767267128143,4.62221061669965e-05
44.95,0.670513110410023,4.6000247944661e-05
45,0.671258953691903,4.57798733340321e-05
45.05,0.672004796973783,4.55609602468167e-05
45.1,0.672750640255663,4.53434870987727e-05
45.15,0.673496483537543,4.51274327968989e-05
45.2,0.674242326819423,4.49127767269359e-05
45.25,0.674988170101303,4.46994987411746e-05
45.3,0.675734013383183,4.44875791465631e-05
45.35,0.676479856665062,4.42769986931071e-05
45.4,0.677225699946942,4.40677385625567e-05
45.45,0.677971543228822,4.38597803573732e-05
45.5,0.678717386510702,4.36531060899711e-05
45.55,0.679463229792582,4.34476981722273e-05
45.6,0.680209073074462,4.32435394052524e-05
45.65,0.680954916356342,4.30406129694194e-05
45.7,0.681700759638222,4.28389024146424e-05
45.75,0.682446602920102,4.26383916508997e-05
45.8,0.683192446201981,4.24390649389976e-05
45.85,0.683938289483861,4.22409068815674e-05
45.9,0.684684132765741,4.20439024142911e-05
45.95,0.685429976047621,4.18480367973512e-05
46,0.686175819329501,4.16532956070981e-05
46.05,0.686921662611381,4.14596647279309e-05
46.1,0.687667505893261,4.12671303443873e-05
46.15,0.688413349175141,4.10756789334354e-05
46.2,0.689159192457021,4.08852972569663e-05
46.25,0.6899050357389,4.06959723544787e-05
46.3,0.69065087902078,4.0507691535954e-05
46.35,0.69139672230266,4.03204423749166e-05
46.4,0.69214256558454,4.01342127016741e-05
46.45,0.69288840886642,3.9948990596734e-05
46.5,0.6936342521483,3.97647643843923e-05
46.55,0.69438009543018,3.95815226264907e-05
46.6,0.69512593871206,3.93992541163361e-05
46.65,0.69587178199394,3.92179478727815e-05
46.7,0.69661762527582,3.90375931344621e-05
46.75,0.697363468557699,3.88581793541835e-05
46.8,0.698109311839579,3.86796961934581e-05
46.85,0.698855155121459,3.85021335171873e-05
46.9,0.699600998403339,3.83254813884832e-05
46.95,0.700346841685219,3.81497300636294e-05
47,0.701092684967099,3.79748699871751e-05
47.05,0.701838528248979,3.78008917871608e-05
47.1,0.702584371530859,3.76277862704707e-05
47.15,0.703330214812739,3.74555444183102e-05
47.2,0.704076058094618,3.72841573818044e-05
47.25,0.704821901376498,3.71136164777146e-05
47.3,0.705567744658378,3.69439131842699e-05
47.35,0.706313587940258,3.67750391371118e-05
47.4,0.707059431222138,3.66069861253466e-05
47.45,0.707805274504018,3.6439746087706e-05
47.5,0.708551117785898,3.62733111088103e-05
47.55,0.709296961067778,3.61076734155335e-05
47.6,0.710042804349658,3.59428253734658e-05
47.65,0.710788647631537,3.57787594834738e-05
47.7,0.711534490913417,3.56154683783519e-05
47.75,0.712280334195297,3.54529448195669e-05
47.8,0.713026177477177,3.52911816940893e-05
47.85,0.713772020759057,3.51301720113121e-05
47.9,0.714517864040937,3.49699089000533e-05
47.95,0.715263707322817,3.48103856056397e-05
48,0.716009550604697,3.46515954870711e-05
48.05,0.716755393886577,3.4493532014261e-05
48.1,0.717501237168457,3.43361887653537e-05
48.15,0.718247080450336,3.41795594241144e-05
48.2,0.718992923732216,3.40236377773903e-05
48.25,0.719738767014096,3.38684177126419e-05
48.3,0.720484610295976,3.37138932155418e-05
48.35,0.721230453577856,3.3560058367639e-05
48.4,0.721976296859736,3.34069073440873e-05
48.45,0.722722140141616,3.32544344114363e-05
48.5,0.723467983423496,3.31026339254832e-05
48.55,0.724213826705375,3.29515003291824e-05
48.6,0.724959669987255,3.2801028150614e-05
48.65,0.725705513269135,3.26512120010069e-05
48.7,0.726451356551015,3.25020465728168e-05
48.75,0.727197199832895,3.23535266378565e-05
48.8,0.727943043114775,3.22056470454783e-05
48.85,0.728688886396655,3.20584027208049e-05
48.9,0.729434729678535,3.19117886630104e-05
48.95,0.730180572960415,3.17657999436474e-05
49,0.730926416242295,3.16204317050205e-05
49.05,0.731672259524174,3.14756791586038e-05
49.1,0.732418102806054,3.13315375835025e-05
49.15,0.733163946087934,3.11880023249562e-05
49.2,0.733909789369814,3.10450687928831e-05
49.25,0.734655632651694,3.09027324604641e-05
49.3,0.735401475933574,3.07609888627662e-05
49.35,0.736147319215454,3.0619833595402e-05
49.4,0.736893162497334,3.04792623132278e-05
49.45,0.737639005779214,3.03392707290753e-05
49.5,0.738384849061093,3.01998546125192e-05
49.55,0.739130692342973,3.00610097886775e-05
49.6,0.739876535624853,2.99227321370451e-05
49.65,0.740622378906733,2.97850175903586e-05
49.7,0.741368222188613,2.96478621334919e-05
49.75,0.742114065470493,2.95112618023819e-05
49.8,0.742859908752373,2.93752126829834e-05
49.85,0.743605752034253,2.92397109102521e-05
49.9,0.744351595316133,2.91047526671546e-05
49.95,0.745097438598013,2.89703341837058e-05
50,0.745843281879892,2.88364517360321e-05
